000330
 1.000000    -0.000000
 0.975000    0.023866
 0.950000    0.045566
 0.925000    0.065248
 0.900001    0.083053
 0.875003    0.099112
 0.850006    0.113555
 0.825013    0.126499
 0.800026    0.138058
 0.775047    0.148338
 0.750080    0.157440
 0.725129    0.165456
 0.700199    0.172475
 0.675297    0.178575
 0.650430    0.183833
 0.625608    0.188317
 0.600839    0.192090
 0.576136    0.195209
 0.551512    0.197724
 0.526981    0.199681
 0.502560    0.201120
 0.478267    0.202075
 0.454123    0.202576
 0.430149    0.202646
 0.406370    0.202304
 0.382813    0.201563
 0.359505    0.200431
 0.336479    0.198912
 0.313768    0.197006
 0.291409    0.194705
 0.269440    0.192000
 0.247903    0.188875
 0.226844    0.185312
 0.206308    0.181285
 0.186348    0.176768
 0.167017    0.171727
 0.148373    0.166128
 0.130475    0.159929
 0.113388    0.153088
 0.097179    0.145555
 0.081920    0.137280
 0.067685    0.128208
 0.054553    0.118281
 0.042607    0.107436
 0.031933    0.095609
 0.022623    0.082733
 0.014770    0.068734
 0.008476    0.053540
 0.003843    0.037074
 0.000980    0.019254
 0.000000    0.000000
 0.000980    -0.019148
 0.003843    -0.036551
 0.008476    -0.052160
 0.014770    -0.065947
 0.022623    -0.077900
 0.031933    -0.088020
 0.042607    -0.096329
 0.054553    -0.102860
 0.067685    -0.107658
 0.081920    -0.110784
 0.097179    -0.112307
 0.113388    -0.112309
 0.130475    -0.110880
 0.148373    -0.108118
 0.167017    -0.104128
 0.186348    -0.099025
 0.206308    -0.092925
 0.226844    -0.085951
 0.247903    -0.078229
 0.269440    -0.069888
 0.291409    -0.061057
 0.313768    -0.051867
 0.336479    -0.042448
 0.359505    -0.032930
 0.382813    -0.023437
 0.406370    -0.014095
 0.430149    -0.005021
 0.454123    0.003671
 0.478267    0.011874
 0.502560    0.019488
 0.526981    0.026421
 0.551512    0.032591
 0.576136    0.037925
 0.600839    0.042362
 0.625608    0.045854
 0.650430    0.048363
 0.675297    0.049870
 0.700199    0.050366
 0.725129    0.049862
 0.750080    0.048384
 0.775047    0.045976
 0.800026    0.042702
 0.825013    0.038646
 0.850006    0.033911
 0.875003    0.028624
 0.900001    0.022936
 0.925000    0.017018
 0.950000    0.011069
 0.975000    0.005312
 1.000000    -0.000000
