000750
 1.000000    -0.000000
 0.975000    0.028534
 0.950000    0.054272
 0.925000    0.077408
 0.900001    0.098128
 0.875003    0.116608
 0.850006    0.133017
 0.825013    0.147514
 0.800026    0.160249
 0.775047    0.171363
 0.750080    0.180992
 0.725129    0.189260
 0.700199    0.196285
 0.675297    0.202176
 0.650430    0.207034
 0.625608    0.210955
 0.600839    0.214025
 0.576136    0.216322
 0.551512    0.217919
 0.526981    0.218881
 0.502560    0.219264
 0.478267    0.219120
 0.454123    0.218494
 0.430149    0.217423
 0.406370    0.215937
 0.382813    0.214063
 0.359505    0.211817
 0.336479    0.209214
 0.313768    0.206260
 0.291409    0.202956
 0.269440    0.199296
 0.247903    0.195271
 0.226844    0.190866
 0.206308    0.186058
 0.186348    0.180823
 0.167017    0.175129
 0.148373    0.168941
 0.130475    0.162219
 0.113388    0.154916
 0.097179    0.146983
 0.081920    0.138368
 0.067685    0.129011
 0.054553    0.118852
 0.042607    0.107823
 0.031933    0.095856
 0.022623    0.082877
 0.014770    0.068809
 0.008476    0.053572
 0.003843    0.037083
 0.000980    0.019255
 0.000000    0.000000
 0.000980    -0.019149
 0.003843    -0.036559
 0.008476    -0.052186
 0.014770    -0.066003
 0.022623    -0.077999
 0.031933    -0.088175
 0.042607    -0.096551
 0.054553    -0.103156
 0.067685    -0.108031
 0.081920    -0.111232
 0.097179    -0.112822
 0.113388    -0.112877
 0.130475    -0.111478
 0.148373    -0.108718
 0.167017    -0.104695
 0.186348    -0.099515
 0.206308    -0.093288
 0.226844    -0.086131
 0.247903    -0.078161
 0.269440    -0.069504
 0.291409    -0.060283
 0.313768    -0.050627
 0.336479    -0.040661
 0.359505    -0.030514
 0.382813    -0.020312
 0.406370    -0.010180
 0.430149    -0.000240
 0.454123    0.009389
 0.478267    0.018594
 0.502560    0.027264
 0.526981    0.035296
 0.551512    0.042594
 0.576136    0.049068
 0.600839    0.054637
 0.625608    0.059231
 0.650430    0.062786
 0.675297    0.065252
 0.700199    0.066591
 0.725129    0.066775
 0.750080    0.065792
 0.775047    0.063642
 0.800026    0.060341
 0.825013    0.055921
 0.850006    0.050430
 0.875003    0.043933
 0.900001    0.036516
 0.925000    0.028280
 0.950000    0.019350
 0.975000    0.009868
 1.000000    -0.000000
