000884
 1.000000    -0.000000
 0.975000    0.028534
 0.950000    0.054272
 0.925000    0.077408
 0.900001    0.098128
 0.875003    0.116608
 0.850006    0.133017
 0.825013    0.147514
 0.800026    0.160249
 0.775047    0.171363
 0.750080    0.180992
 0.725129    0.189260
 0.700199    0.196285
 0.675297    0.202176
 0.650430    0.207034
 0.625608    0.210955
 0.600839    0.214025
 0.576136    0.216322
 0.551512    0.217919
 0.526981    0.218881
 0.502560    0.219264
 0.478267    0.219120
 0.454123    0.218494
 0.430149    0.217423
 0.406370    0.215937
 0.382813    0.214063
 0.359505    0.211817
 0.336479    0.209214
 0.313768    0.206260
 0.291409    0.202956
 0.269440    0.199296
 0.247903    0.195271
 0.226844    0.190866
 0.206308    0.186058
 0.186348    0.180823
 0.167017    0.175129
 0.148373    0.168941
 0.130475    0.162219
 0.113388    0.154916
 0.097179    0.146983
 0.081920    0.138368
 0.067685    0.129011
 0.054553    0.118852
 0.042607    0.107823
 0.031933    0.095856
 0.022623    0.082877
 0.014770    0.068809
 0.008476    0.053572
 0.003843    0.037083
 0.000980    0.019255
 0.000000    0.000000
 0.000980    -0.019160
 0.003843    -0.036640
 0.008476    -0.052448
 0.014770    -0.066599
 0.022623    -0.079112
 0.031933    -0.090015
 0.042607    -0.099342
 0.054553    -0.107129
 0.067685    -0.113423
 0.081920    -0.118272
 0.097179    -0.121730
 0.113388    -0.123856
 0.130475    -0.124712
 0.148373    -0.124366
 0.167017    -0.122887
 0.186348    -0.120349
 0.206308    -0.116830
 0.226844    -0.112407
 0.247903    -0.107164
 0.269440    -0.101184
 0.291409    -0.094553
 0.313768    -0.087358
 0.336479    -0.079688
 0.359505    -0.071632
 0.382813    -0.063281
 0.406370    -0.054725
 0.430149    -0.046055
 0.454123    -0.037360
 0.478267    -0.028731
 0.502560    -0.020256
 0.526981    -0.012024
 0.551512    -0.004120
 0.576136    0.003371
 0.600839    0.010365
 0.625608    0.016784
 0.650430    0.022550
 0.675297    0.027587
 0.700199    0.031824
 0.725129    0.035194
 0.750080    0.037632
 0.775047    0.039079
 0.800026    0.039478
 0.825013    0.038779
 0.850006    0.036937
 0.875003    0.033910
 0.900001    0.029664
 0.925000    0.024169
 0.950000    0.017403
 0.975000    0.009350
 1.000000    -0.000000
