001340
 1.000000    -0.000000
 0.975000    0.028440
 0.950000    0.053918
 0.925000    0.076661
 0.900001    0.096882
 0.875003    0.114786
 0.850006    0.130564
 0.825013    0.144397
 0.800026    0.156455
 0.775047    0.166897
 0.750080    0.175872
 0.725129    0.183518
 0.700199    0.189963
 0.675297    0.195327
 0.650430    0.199719
 0.625608    0.203238
 0.600839    0.205976
 0.576136    0.208014
 0.551512    0.209426
 0.526981    0.210277
 0.502560    0.210624
 0.478267    0.210516
 0.454123    0.209994
 0.430149    0.209093
 0.406370    0.207838
 0.382813    0.206250
 0.359505    0.204341
 0.336479    0.202119
 0.313768    0.199582
 0.291409    0.196725
 0.269440    0.193536
 0.247903    0.189998
 0.226844    0.186088
 0.206308    0.181778
 0.186348    0.177035
 0.167017    0.171822
 0.148373    0.166096
 0.130475    0.159812
 0.113388    0.152919
 0.097179    0.145364
 0.081920    0.137088
 0.067685    0.128031
 0.054553    0.118129
 0.042607    0.107316
 0.031933    0.095521
 0.022623    0.082674
 0.014770    0.068700
 0.008476    0.053524
 0.003843    0.037068
 0.000980    0.019254
 0.000000    0.000000
 0.000980    -0.019170
 0.003843    -0.036721
 0.008476    -0.052711
 0.014770    -0.067195
 0.022623    -0.080226
 0.031933    -0.091855
 0.042607    -0.102132
 0.054553    -0.111103
 0.067685    -0.118815
 0.081920    -0.125312
 0.097179    -0.130638
 0.113388    -0.134835
 0.130475    -0.137946
 0.148373    -0.140013
 0.167017    -0.141078
 0.186348    -0.141183
 0.206308    -0.140371
 0.226844    -0.138684
 0.247903    -0.136167
 0.269440    -0.132864
 0.291409    -0.128822
 0.313768    -0.124089
 0.336479    -0.118715
 0.359505    -0.112751
 0.382813    -0.106250
 0.406370    -0.099270
 0.430149    -0.091869
 0.454123    -0.084109
 0.478267    -0.076055
 0.502560    -0.067776
 0.526981    -0.059344
 0.551512    -0.050834
 0.576136    -0.042327
 0.600839    -0.033907
 0.625608    -0.025662
 0.650430    -0.017687
 0.675297    -0.010079
 0.700199    -0.002943
 0.725129    0.003612
 0.750080    0.009472
 0.775047    0.014515
 0.800026    0.018615
 0.825013    0.021638
 0.850006    0.023444
 0.875003    0.023886
 0.900001    0.022811
 0.925000    0.020058
 0.950000    0.015457
 0.975000    0.008832
 1.000000    -0.000000
