001984
 1.000000    -0.000000
 0.975000    0.025404
 0.950000    0.049230
 0.925000    0.071504
 0.900001    0.092255
 0.875003    0.111514
 0.850006    0.129314
 0.825013    0.145691
 0.800026    0.160684
 0.775047    0.174332
 0.750080    0.186675
 0.725129    0.197757
 0.700199    0.207621
 0.675297    0.216310
 0.650430    0.223870
 0.625608    0.230345
 0.600839    0.235780
 0.576136    0.240220
 0.551512    0.243709
 0.526981    0.246290
 0.502560    0.248006
 0.478267    0.248899
 0.454123    0.249007
 0.430149    0.248370
 0.406370    0.247023
 0.382813    0.245000
 0.359505    0.242333
 0.336479    0.239050
 0.313768    0.235179
 0.291409    0.230740
 0.269440    0.225754
 0.247903    0.220236
 0.226844    0.214197
 0.206308    0.207647
 0.186348    0.200586
 0.167017    0.193015
 0.148373    0.184927
 0.130475    0.176309
 0.113388    0.167146
 0.097179    0.157414
 0.081920    0.147085
 0.067685    0.136124
 0.054553    0.124491
 0.042607    0.112138
 0.031933    0.099010
 0.022623    0.085046
 0.014770    0.070177
 0.008476    0.054327
 0.003843    0.037410
 0.000980    0.019335
 0.000000    0.000000
 0.000980    -0.008582
 0.003843    -0.017073
 0.008476    -0.025398
 0.014770    -0.033484
 0.022623    -0.041266
 0.031933    -0.048685
 0.042607    -0.055688
 0.054553    -0.062226
 0.067685    -0.068256
 0.081920    -0.073741
 0.097179    -0.078649
 0.113388    -0.082954
 0.130475    -0.086634
 0.148373    -0.089672
 0.167017    -0.092058
 0.186348    -0.093784
 0.206308    -0.094850
 0.226844    -0.095258
 0.247903    -0.095016
 0.269440    -0.094138
 0.291409    -0.092639
 0.313768    -0.090541
 0.336479    -0.087871
 0.359505    -0.084658
 0.382813    -0.080938
 0.406370    -0.076747
 0.430149    -0.072129
 0.454123    -0.067131
 0.478267    -0.061803
 0.502560    -0.056198
 0.526981    -0.050376
 0.551512    -0.044398
 0.576136    -0.038328
 0.600839    -0.032236
 0.625608    -0.026193
 0.650430    -0.020276
 0.675297    -0.014562
 0.700199    -0.009133
 0.725129    -0.004075
 0.750080    0.000525
 0.775047    0.004576
 0.800026    0.007984
 0.825013    0.010653
 0.850006    0.012484
 0.875003    0.013375
 0.900001    0.013222
 0.925000    0.011918
 0.950000    0.009354
 0.975000    0.005419
 1.000000    -0.000000
