001987
 1.000000    -0.000000
 0.975000    0.029202
 0.950000    0.056816
 0.925000    0.082857
 0.900001    0.107340
 0.875003    0.130281
 0.850006    0.151699
 0.825013    0.171613
 0.800026    0.190044
 0.775047    0.207015
 0.750080    0.222547
 0.725129    0.236666
 0.700199    0.249396
 0.675297    0.260764
 0.650430    0.270797
 0.625608    0.279522
 0.600839    0.286967
 0.576136    0.293163
 0.551512    0.298138
 0.526981    0.301924
 0.502560    0.304550
 0.478267    0.306049
 0.454123    0.306452
 0.430149    0.305791
 0.406370    0.304099
 0.382813    0.301406
 0.359505    0.297747
 0.336479    0.293153
 0.313768    0.287657
 0.291409    0.281292
 0.269440    0.274090
 0.247903    0.266082
 0.226844    0.257301
 0.206308    0.247778
 0.186348    0.237545
 0.167017    0.226631
 0.148373    0.215067
 0.130475    0.202883
 0.113388    0.190107
 0.097179    0.176768
 0.081920    0.162893
 0.067685    0.148508
 0.054553    0.133639
 0.042607    0.118311
 0.031933    0.102548
 0.022623    0.086372
 0.014770    0.069804
 0.008476    0.052864
 0.003843    0.035572
 0.000980    0.017946
 0.000000    0.000000
 0.000980    -0.018590
 0.003843    -0.034511
 0.008476    -0.047975
 0.014770    -0.059186
 0.022623    -0.068335
 0.031933    -0.075601
 0.042607    -0.081153
 0.054553    -0.085150
 0.067685    -0.087740
 0.081920    -0.089062
 0.097179    -0.089247
 0.113388    -0.088417
 0.130475    -0.086684
 0.148373    -0.084154
 0.167017    -0.080926
 0.186348    -0.077090
 0.206308    -0.072733
 0.226844    -0.067933
 0.247903    -0.062764
 0.269440    -0.057293
 0.291409    -0.051584
 0.313768    -0.045697
 0.336479    -0.039686
 0.359505    -0.033604
 0.382813    -0.027500
 0.406370    -0.021419
 0.430149    -0.015407
 0.454123    -0.009505
 0.478267    -0.003754
 0.502560    0.001805
 0.526981    0.007132
 0.551512    0.012188
 0.576136    0.016931
 0.600839    0.021322
 0.625608    0.025318
 0.650430    0.028874
 0.675297    0.031944
 0.700199    0.034479
 0.725129    0.036428
 0.750080    0.037734
 0.775047    0.038340
 0.800026    0.038181
 0.825013    0.037189
 0.850006    0.035291
 0.875003    0.032407
 0.900001    0.028453
 0.925000    0.023338
 0.950000    0.016962
 0.975000    0.009221
 1.000000    -0.000000
