001930
 1.000000    -0.000000
 0.975000    0.028353
 0.950000    0.053617
 0.925000    0.076085
 0.900001    0.096026
 0.875003    0.113692
 0.850006    0.129315
 0.825013    0.143107
 0.800026    0.155263
 0.775047    0.165961
 0.750080    0.175360
 0.725129    0.183606
 0.700199    0.190828
 0.675297    0.197141
 0.650430    0.202645
 0.625608    0.207427
 0.600839    0.211563
 0.576136    0.215114
 0.551512    0.218132
 0.526981    0.220657
 0.502560    0.222720
 0.478267    0.224342
 0.454123    0.225537
 0.430149    0.226308
 0.406370    0.226653
 0.382813    0.226562
 0.359505    0.226022
 0.336479    0.225010
 0.313768    0.223503
 0.291409    0.221470
 0.269440    0.218880
 0.247903    0.215698
 0.226844    0.211887
 0.206308    0.207409
 0.186348    0.202225
 0.167017    0.196297
 0.148373    0.189588
 0.130475    0.182060
 0.113388    0.173680
 0.097179    0.164416
 0.081920    0.154240
 0.067685    0.143129
 0.054553    0.131063
 0.042607    0.118028
 0.031933    0.104019
 0.022623    0.089033
 0.014770    0.073077
 0.008476    0.056168
 0.003843    0.038328
 0.000980    0.019590
 0.000000    0.000000
 0.000980    -0.018818
 0.003843    -0.035344
 0.008476    -0.049686
 0.014770    -0.061951
 0.022623    -0.072248
 0.031933    -0.080682
 0.042607    -0.087361
 0.054553    -0.092390
 0.067685    -0.095875
 0.081920    -0.097920
 0.097179    -0.098629
 0.113388    -0.098105
 0.130475    -0.096449
 0.148373    -0.093762
 0.167017    -0.090142
 0.186348    -0.085689
 0.206308    -0.080498
 0.226844    -0.074664
 0.247903    -0.068281
 0.269440    -0.061440
 0.291409    -0.054231
 0.313768    -0.046741
 0.336479    -0.039057
 0.359505    -0.031262
 0.382813    -0.023437
 0.406370    -0.015663
 0.430149    -0.008015
 0.454123    -0.000568
 0.478267    0.006607
 0.502560    0.013440
 0.526981    0.019865
 0.551512    0.025820
 0.576136    0.031242
 0.600839    0.036076
 0.625608    0.040268
 0.650430    0.043765
 0.675297    0.046521
 0.700199    0.048492
 0.725129    0.049637
 0.750080    0.049920
 0.775047    0.049307
 0.800026    0.047769
 0.825013    0.045281
 0.850006    0.041821
 0.875003    0.037372
 0.900001    0.031922
 0.925000    0.025462
 0.950000    0.017987
 0.975000    0.009498
 1.000000    -0.000000
