001996
 1.000000    -0.000000
 0.975000    0.027442
 0.950000    0.053533
 0.925000    0.078227
 0.900001    0.101487
 0.875003    0.123287
 0.850006    0.143608
 0.825013    0.162441
 0.800026    0.179783
 0.775047    0.195640
 0.750080    0.210022
 0.725129    0.222949
 0.700199    0.234444
 0.675297    0.244536
 0.650430    0.253258
 0.625608    0.260649
 0.600839    0.266750
 0.576136    0.271607
 0.551512    0.275267
 0.526981    0.277779
 0.502560    0.279197
 0.478267    0.279572
 0.454123    0.278958
 0.430149    0.277409
 0.406370    0.274978
 0.382813    0.271719
 0.359505    0.267682
 0.336479    0.262919
 0.313768    0.257475
 0.291409    0.251396
 0.269440    0.244723
 0.247903    0.237494
 0.226844    0.229742
 0.206308    0.221496
 0.186348    0.212779
 0.167017    0.203609
 0.148373    0.193996
 0.130475    0.183945
 0.113388    0.173454
 0.097179    0.162511
 0.081920    0.151098
 0.067685    0.139186
 0.054553    0.126740
 0.042607    0.113712
 0.031933    0.100045
 0.022623    0.085671
 0.014770    0.070510
 0.008476    0.054473
 0.003843    0.037455
 0.000980    0.019340
 0.000000    0.000000
 0.000980    -0.019091
 0.003843    -0.036394
 0.008476    -0.051953
 0.014770    -0.065818
 0.022623    -0.078039
 0.031933    -0.088670
 0.042607    -0.097765
 0.054553    -0.105383
 0.067685    -0.111581
 0.081920    -0.116422
 0.097179    -0.119969
 0.113388    -0.122285
 0.130475    -0.123438
 0.148373    -0.123494
 0.167017    -0.122521
 0.186348    -0.120591
 0.206308    -0.117773
 0.226844    -0.114140
 0.247903    -0.109763
 0.269440    -0.104717
 0.291409    -0.099074
 0.313768    -0.092910
 0.336479    -0.086298
 0.359505    -0.079314
 0.382813    -0.072031
 0.406370    -0.064526
 0.430149    -0.056872
 0.454123    -0.049145
 0.478267    -0.041417
 0.502560    -0.033763
 0.526981    -0.026256
 0.551512    -0.018967
 0.576136    -0.011968
 0.600839    -0.005330
 0.625608    0.000879
 0.650430    0.006590
 0.675297    0.011736
 0.700199    0.016253
 0.725129    0.020075
 0.750080    0.023142
 0.775047    0.025393
 0.800026    0.026769
 0.825013    0.027215
 0.850006    0.026674
 0.875003    0.025097
 0.900001    0.022432
 0.925000    0.018634
 0.950000    0.013656
 0.975000    0.007458
 1.000000    -0.000000
