001946
 1.000000    -0.000000
 0.975000    0.023390
 0.950000    0.044106
 0.925000    0.062361
 0.900001    0.078359
 0.875003    0.092292
 0.850006    0.104343
 0.825013    0.114684
 0.800026    0.123481
 0.775047    0.130886
 0.750080    0.137043
 0.725129    0.142089
 0.700199    0.146149
 0.675297    0.149341
 0.650430    0.151772
 0.625608    0.153543
 0.600839    0.154743
 0.576136    0.155456
 0.551512    0.155755
 0.526981    0.155706
 0.502560    0.155366
 0.478267    0.154786
 0.454123    0.154008
 0.430149    0.153064
 0.406370    0.151982
 0.382813    0.150781
 0.359505    0.149473
 0.336479    0.148061
 0.313768    0.146543
 0.291409    0.144910
 0.269440    0.143146
 0.247903    0.141226
 0.226844    0.139122
 0.206308    0.136798
 0.186348    0.134211
 0.167017    0.131312
 0.148373    0.128047
 0.130475    0.124355
 0.113388    0.120171
 0.097179    0.115421
 0.081920    0.110029
 0.067685    0.103911
 0.054553    0.096979
 0.042607    0.089140
 0.031933    0.080296
 0.022623    0.070343
 0.014770    0.059172
 0.008476    0.046672
 0.003843    0.032725
 0.000980    0.017210
 0.000000    0.000000
 0.000980    -0.016695
 0.003843    -0.030745
 0.008476    -0.042388
 0.014770    -0.051845
 0.022623    -0.059326
 0.031933    -0.065023
 0.042607    -0.069118
 0.054553    -0.071778
 0.067685    -0.073160
 0.081920    -0.073408
 0.097179    -0.072655
 0.113388    -0.071025
 0.130475    -0.068631
 0.148373    -0.065576
 0.167017    -0.061955
 0.186348    -0.057856
 0.206308    -0.053358
 0.226844    -0.048533
 0.247903    -0.043447
 0.269440    -0.038160
 0.291409    -0.032727
 0.313768    -0.027197
 0.336479    -0.021617
 0.359505    -0.016028
 0.382813    -0.010469
 0.406370    -0.004977
 0.430149    0.000414
 0.454123    0.005670
 0.478267    0.010758
 0.502560    0.015648
 0.526981    0.020306
 0.551512    0.024699
 0.576136    0.028791
 0.600839    0.032547
 0.625608    0.035926
 0.650430    0.038886
 0.675297    0.041380
 0.700199    0.043358
 0.725129    0.044763
 0.750080    0.045536
 0.775047    0.045609
 0.800026    0.044908
 0.825013    0.043352
 0.850006    0.040854
 0.875003    0.037316
 0.900001    0.032633
 0.925000    0.026691
 0.950000    0.019363
 0.975000    0.010515
 1.000000    -0.000000
