002045
 1.000000    -0.000000
 0.975000    0.029192
 0.950000    0.056744
 0.925000    0.082622
 0.900001    0.106805
 0.875003    0.129280
 0.850006    0.150046
 0.825013    0.169107
 0.800026    0.186475
 0.775047    0.202172
 0.750080    0.216224
 0.725129    0.228665
 0.700199    0.239535
 0.675297    0.248878
 0.650430    0.256743
 0.625608    0.263182
 0.600839    0.268254
 0.576136    0.272018
 0.551512    0.274537
 0.526981    0.275874
 0.502560    0.276096
 0.478267    0.275269
 0.454123    0.273461
 0.430149    0.270738
 0.406370    0.267167
 0.382813    0.262813
 0.359505    0.257738
 0.336479    0.252004
 0.313768    0.245668
 0.291409    0.238786
 0.269440    0.231408
 0.247903    0.223580
 0.226844    0.215343
 0.206308    0.206734
 0.186348    0.197780
 0.167017    0.188506
 0.148373    0.178928
 0.130475    0.169053
 0.113388    0.158880
 0.097179    0.148402
 0.081920    0.137600
 0.067685    0.126446
 0.054553    0.114900
 0.042607    0.102915
 0.031933    0.090429
 0.022623    0.077369
 0.014770    0.063649
 0.008476    0.049172
 0.003843    0.033824
 0.000980    0.017481
 0.000000    0.000000
 0.000980    -0.018984
 0.003843    -0.035990
 0.008476    -0.051100
 0.014770    -0.064394
 0.022623    -0.075953
 0.031933    -0.085856
 0.042607    -0.094181
 0.054553    -0.101006
 0.067685    -0.106408
 0.081920    -0.110464
 0.097179    -0.113249
 0.113388    -0.114840
 0.130475    -0.115310
 0.148373    -0.114733
 0.167017    -0.113185
 0.186348    -0.110737
 0.206308    -0.107463
 0.226844    -0.103436
 0.247903    -0.098727
 0.269440    -0.093408
 0.291409    -0.087551
 0.313768    -0.081226
 0.336479    -0.074505
 0.359505    -0.067458
 0.382813    -0.060156
 0.406370    -0.052669
 0.430149    -0.045067
 0.454123    -0.037420
 0.478267    -0.029799
 0.502560    -0.022272
 0.526981    -0.014910
 0.551512    -0.007783
 0.576136    -0.000960
 0.600839    0.005488
 0.625608    0.011492
 0.650430    0.016981
 0.675297    0.021886
 0.700199    0.026135
 0.725129    0.029658
 0.750080    0.032384
 0.775047    0.034242
 0.800026    0.035161
 0.825013    0.035068
 0.850006    0.033892
 0.875003    0.031561
 0.900001    0.028001
 0.925000    0.023138
 0.950000    0.016900
 0.975000    0.009213
 1.000000    -0.000000
