002048
 1.000000    -0.000000
 0.975000    0.029195
 0.950000    0.056760
 0.925000    0.082676
 0.900001    0.106928
 0.875003    0.129511
 0.850006    0.150427
 0.825013    0.169685
 0.800026    0.187299
 0.775047    0.203289
 0.750080    0.217683
 0.725129    0.230512
 0.700199    0.241811
 0.675297    0.251621
 0.650430    0.259986
 0.625608    0.266953
 0.600839    0.272573
 0.576136    0.276898
 0.551512    0.279983
 0.526981    0.281886
 0.502560    0.282662
 0.478267    0.282372
 0.454123    0.281074
 0.430149    0.278827
 0.406370    0.275690
 0.382813    0.271719
 0.359505    0.266971
 0.336479    0.261500
 0.313768    0.255358
 0.291409    0.248595
 0.269440    0.241258
 0.247903    0.233388
 0.226844    0.225026
 0.206308    0.216205
 0.186348    0.206957
 0.167017    0.197304
 0.148373    0.187268
 0.130475    0.176860
 0.113388    0.166087
 0.097179    0.154948
 0.081920    0.143437
 0.067685    0.131537
 0.054553    0.119225
 0.042607    0.106468
 0.031933    0.093226
 0.022623    0.079446
 0.014770    0.065069
 0.008476    0.050024
 0.003843    0.034228
 0.000980    0.017588
 0.000000    0.000000
 0.000980    -0.015586
 0.003843    -0.029938
 0.008476    -0.043051
 0.014770    -0.054925
 0.022623    -0.065565
 0.031933    -0.074980
 0.042607    -0.083184
 0.054553    -0.090195
 0.067685    -0.096037
 0.081920    -0.100736
 0.097179    -0.104323
 0.113388    -0.106833
 0.130475    -0.108303
 0.148373    -0.108776
 0.167017    -0.108297
 0.186348    -0.106914
 0.206308    -0.104678
 0.226844    -0.101643
 0.247903    -0.097867
 0.269440    -0.093408
 0.291409    -0.088329
 0.313768    -0.082694
 0.336479    -0.076569
 0.359505    -0.070023
 0.382813    -0.063125
 0.406370    -0.055947
 0.430149    -0.048563
 0.454123    -0.041046
 0.478267    -0.033473
 0.502560    -0.025920
 0.526981    -0.018465
 0.551512    -0.011187
 0.576136    -0.004164
 0.600839    0.002525
 0.625608    0.008799
 0.650430    0.014579
 0.675297    0.019785
 0.700199    0.024338
 0.725129    0.028159
 0.750080    0.031168
 0.775047    0.033288
 0.800026    0.034442
 0.825013    0.034553
 0.850006    0.033546
 0.875003    0.031347
 0.900001    0.027884
 0.925000    0.023086
 0.950000    0.016884
 0.975000    0.009210
 1.000000    -0.000000
