002046
 1.000000    -0.000000
 0.975000    0.029052
 0.950000    0.056222
 0.925000    0.081540
 0.900001    0.105034
 0.875003    0.126741
 0.850006    0.146698
 0.825013    0.164948
 0.800026    0.181533
 0.775047    0.196501
 0.750080    0.209901
 0.725129    0.221784
 0.700199    0.232203
 0.675297    0.241212
 0.650430    0.248866
 0.625608    0.255222
 0.600839    0.260338
 0.576136    0.264269
 0.551512    0.267073
 0.526981    0.268808
 0.502560    0.269530
 0.478267    0.269294
 0.454123    0.268155
 0.430149    0.266166
 0.406370    0.263379
 0.382813    0.259844
 0.359505    0.255607
 0.336479    0.250714
 0.313768    0.245207
 0.291409    0.239124
 0.269440    0.232502
 0.247903    0.225373
 0.226844    0.217764
 0.206308    0.209699
 0.186348    0.201199
 0.167017    0.192277
 0.148373    0.182943
 0.130475    0.173202
 0.113388    0.163052
 0.097179    0.152486
 0.081920    0.141491
 0.067685    0.130047
 0.054553    0.118127
 0.042607    0.105697
 0.031933    0.092717
 0.022623    0.079138
 0.014770    0.064905
 0.008476    0.049951
 0.003843    0.034205
 0.000980    0.017585
 0.000000    0.000000
 0.000980    -0.015583
 0.003843    -0.029916
 0.008476    -0.042979
 0.014770    -0.054761
 0.022623    -0.065257
 0.031933    -0.074471
 0.042607    -0.082412
 0.054553    -0.089097
 0.067685    -0.094547
 0.081920    -0.098790
 0.097179    -0.101861
 0.113388    -0.103798
 0.130475    -0.104646
 0.148373    -0.104452
 0.167017    -0.103270
 0.186348    -0.101156
 0.206308    -0.098172
 0.226844    -0.094381
 0.247903    -0.089851
 0.269440    -0.084653
 0.291409    -0.078858
 0.313768    -0.072543
 0.336479    -0.065784
 0.359505    -0.058659
 0.382813    -0.051250
 0.406370    -0.043637
 0.430149    -0.035901
 0.454123    -0.028126
 0.478267    -0.020394
 0.502560    -0.012787
 0.526981    -0.005388
 0.551512    0.001723
 0.576136    0.008466
 0.600839    0.014760
 0.625608    0.020530
 0.650430    0.025699
 0.675297    0.030195
 0.700199    0.033947
 0.725129    0.036887
 0.750080    0.038950
 0.775047    0.040076
 0.800026    0.040207
 0.825013    0.039290
 0.850006    0.037275
 0.875003    0.034117
 0.900001    0.029778
 0.925000    0.024222
 0.950000    0.017422
 0.975000    0.009353
 1.000000    -0.000000
