002003
 1.000000    -0.000000
 0.975000    0.028908
 0.950000    0.055679
 0.925000    0.080386
 0.900001    0.103103
 0.875003    0.123903
 0.850006    0.142860
 0.825013    0.160049
 0.800026    0.175545
 0.775047    0.189422
 0.750080    0.201754
 0.725129    0.212614
 0.700199    0.222075
 0.675297    0.230209
 0.650430    0.237086
 0.625608    0.242774
 0.600839    0.247340
 0.576136    0.250851
 0.551512    0.253369
 0.526981    0.254955
 0.502560    0.255667
 0.478267    0.255562
 0.454123    0.254691
 0.430149    0.253105
 0.406370    0.250850
 0.382813    0.247969
 0.359505    0.244500
 0.336479    0.240479
 0.313768    0.235937
 0.291409    0.230899
 0.269440    0.225389
 0.247903    0.219422
 0.226844    0.213012
 0.206308    0.206165
 0.186348    0.198882
 0.167017    0.191160
 0.148373    0.182988
 0.130475    0.174349
 0.113388    0.165223
 0.097179    0.155579
 0.081920    0.145382
 0.067685    0.134591
 0.054553    0.123154
 0.042607    0.111017
 0.031933    0.098113
 0.022623    0.084371
 0.014770    0.069711
 0.008476    0.054045
 0.003843    0.037276
 0.000980    0.019299
 0.000000    0.000000
 0.000980    -0.019061
 0.003843    -0.036304
 0.008476    -0.051813
 0.014770    -0.065670
 0.022623    -0.077954
 0.031933    -0.088738
 0.042607    -0.098092
 0.054553    -0.106085
 0.067685    -0.112783
 0.081920    -0.118246
 0.097179    -0.122537
 0.113388    -0.125712
 0.130475    -0.127829
 0.148373    -0.128942
 0.167017    -0.129105
 0.186348    -0.128370
 0.206308    -0.126790
 0.226844    -0.124415
 0.247903    -0.121296
 0.269440    -0.117485
 0.291409    -0.113032
 0.313768    -0.107988
 0.336479    -0.102407
 0.359505    -0.096341
 0.382813    -0.089844
 0.406370    -0.082972
 0.430149    -0.075783
 0.454123    -0.068336
 0.478267    -0.060692
 0.502560    -0.052915
 0.526981    -0.045073
 0.551512    -0.037234
 0.576136    -0.029471
 0.600839    -0.021861
 0.625608    -0.014483
 0.650430    -0.007420
 0.675297    -0.000762
 0.700199    0.005401
 0.725129    0.010971
 0.750080    0.015846
 0.775047    0.019920
 0.800026    0.023080
 0.825013    0.025208
 0.850006    0.026180
 0.875003    0.025866
 0.900001    0.024131
 0.925000    0.020830
 0.950000    0.015813
 0.975000    0.008925
 1.000000    -0.000000
