002130
 1.000000    -0.000000
 0.975000    0.029174
 0.950000    0.056671
 0.925000    0.082461
 0.900001    0.106527
 0.875003    0.128857
 0.850006    0.149453
 0.825013    0.168322
 0.800026    0.185480
 0.775047    0.200951
 0.750080    0.214765
 0.725129    0.226959
 0.700199    0.237576
 0.675297    0.246662
 0.650430    0.254272
 0.625608    0.260459
 0.600839    0.265286
 0.576136    0.268813
 0.551512    0.271108
 0.526981    0.272236
 0.502560    0.272266
 0.478267    0.271267
 0.454123    0.269308
 0.430149    0.266459
 0.406370    0.262787
 0.382813    0.258359
 0.359505    0.253240
 0.336479    0.247490
 0.313768    0.241169
 0.291409    0.234333
 0.269440    0.227030
 0.247903    0.219309
 0.226844    0.211208
 0.206308    0.202763
 0.186348    0.194002
 0.167017    0.184945
 0.148373    0.175607
 0.130475    0.165993
 0.113388    0.156099
 0.097179    0.145913
 0.081920    0.135411
 0.067685    0.124562
 0.054553    0.113322
 0.042607    0.101634
 0.031933    0.089433
 0.022623    0.076637
 0.014770    0.063155
 0.008476    0.048878
 0.003843    0.033687
 0.000980    0.017445
 0.000000    0.000000
 0.000980    -0.019091
 0.003843    -0.036396
 0.008476    -0.051961
 0.014770    -0.065835
 0.022623    -0.078069
 0.031933    -0.088716
 0.042607    -0.097830
 0.054553    -0.105468
 0.067685    -0.111686
 0.081920    -0.116544
 0.097179    -0.120103
 0.113388    -0.122425
 0.130475    -0.123574
 0.148373    -0.123614
 0.167017    -0.122611
 0.186348    -0.120633
 0.206308    -0.117748
 0.226844    -0.114026
 0.247903    -0.109537
 0.269440    -0.104352
 0.291409    -0.098544
 0.313768    -0.092185
 0.336479    -0.085349
 0.359505    -0.078112
 0.382813    -0.070547
 0.406370    -0.062731
 0.430149    -0.054739
 0.454123    -0.046649
 0.478267    -0.038537
 0.502560    -0.030480
 0.526981    -0.022556
 0.551512    -0.014843
 0.576136    -0.007418
 0.600839    -0.000359
 0.625608    0.006255
 0.650430    0.012348
 0.675297    0.017842
 0.700199    0.022658
 0.725129    0.026721
 0.750080    0.029952
 0.775047    0.032276
 0.800026    0.033616
 0.825013    0.033898
 0.850006    0.033045
 0.875003    0.030984
 0.900001    0.027640
 0.925000    0.022942
 0.950000    0.016816
 0.975000    0.009193
 1.000000    -0.000000
