002120
 1.000000    -0.000000
 0.975000    0.028801
 0.950000    0.055281
 0.925000    0.079551
 0.900001    0.101720
 0.875003    0.121893
 0.850006    0.140173
 0.825013    0.156657
 0.800026    0.171443
 0.775047    0.184621
 0.750080    0.196282
 0.725129    0.206510
 0.700199    0.215388
 0.675297    0.222995
 0.650430    0.229406
 0.625608    0.234694
 0.600839    0.238926
 0.576136    0.242168
 0.551512    0.244481
 0.526981    0.245922
 0.502560    0.246547
 0.478267    0.246406
 0.454123    0.245545
 0.430149    0.244009
 0.406370    0.241836
 0.382813    0.239063
 0.359505    0.235721
 0.336479    0.231839
 0.313768    0.227442
 0.291409    0.222550
 0.269440    0.217181
 0.247903    0.211346
 0.226844    0.205056
 0.206308    0.198314
 0.186348    0.191123
 0.167017    0.183479
 0.148373    0.175376
 0.130475    0.166802
 0.113388    0.157742
 0.097179    0.148178
 0.081920    0.138086
 0.067685    0.127439
 0.054553    0.116205
 0.042607    0.104347
 0.031933    0.091827
 0.022623    0.078600
 0.014770    0.064616
 0.008476    0.049824
 0.003843    0.034166
 0.000980    0.017580
 0.000000    0.000000
 0.000980    -0.017341
 0.003843    -0.033188
 0.008476    -0.047574
 0.014770    -0.060535
 0.022623    -0.072106
 0.031933    -0.082325
 0.042607    -0.091230
 0.054553    -0.098861
 0.067685    -0.105258
 0.081920    -0.110464
 0.097179    -0.114521
 0.113388    -0.117473
 0.130475    -0.119367
 0.148373    -0.120249
 0.167017    -0.120167
 0.186348    -0.119171
 0.206308    -0.117312
 0.226844    -0.114643
 0.247903    -0.111216
 0.269440    -0.107088
 0.291409    -0.102315
 0.313768    -0.096956
 0.336479    -0.091071
 0.359505    -0.084721
 0.382813    -0.077969
 0.406370    -0.070880
 0.430149    -0.063521
 0.454123    -0.055960
 0.478267    -0.048266
 0.502560    -0.040512
 0.526981    -0.032771
 0.551512    -0.025118
 0.576136    -0.017631
 0.600839    -0.010388
 0.625608    -0.003470
 0.650430    0.003039
 0.675297    0.009055
 0.700199    0.014490
 0.725129    0.019257
 0.750080    0.023264
 0.775047    0.026418
 0.800026    0.028624
 0.825013    0.029784
 0.850006    0.029799
 0.875003    0.028568
 0.900001    0.025987
 0.925000    0.021949
 0.950000    0.016346
 0.975000    0.009067
 1.000000    -0.000000
