002156
 1.000000    -0.000000
 0.975000    0.027439
 0.950000    0.053511
 0.925000    0.078154
 0.900001    0.101322
 0.875003    0.122979
 0.850006    0.143100
 0.825013    0.161670
 0.800026    0.178685
 0.775047    0.194150
 0.750080    0.208077
 0.725129    0.220487
 0.700199    0.231410
 0.675297    0.240878
 0.650430    0.248933
 0.625608    0.255621
 0.600839    0.260993
 0.576136    0.265101
 0.551512    0.268005
 0.526981    0.269764
 0.502560    0.270442
 0.478267    0.270101
 0.454123    0.268806
 0.430149    0.266623
 0.406370    0.263614
 0.382813    0.259844
 0.359505    0.255372
 0.336479    0.250257
 0.313768    0.244555
 0.291409    0.238317
 0.269440    0.231590
 0.247903    0.224417
 0.226844    0.216832
 0.206308    0.208867
 0.186348    0.200544
 0.167017    0.191878
 0.148373    0.182876
 0.130475    0.173536
 0.113388    0.163845
 0.097179    0.153783
 0.081920    0.143315
 0.067685    0.132398
 0.054553    0.120974
 0.042607    0.108975
 0.031933    0.096316
 0.022623    0.082900
 0.014770    0.068616
 0.008476    0.053337
 0.003843    0.036917
 0.000980    0.019197
 0.000000    0.000000
 0.000980    -0.019091
 0.003843    -0.036394
 0.008476    -0.051953
 0.014770    -0.065818
 0.022623    -0.078039
 0.031933    -0.088670
 0.042607    -0.097765
 0.054553    -0.105383
 0.067685    -0.111581
 0.081920    -0.116422
 0.097179    -0.119969
 0.113388    -0.122285
 0.130475    -0.123438
 0.148373    -0.123494
 0.167017    -0.122521
 0.186348    -0.120591
 0.206308    -0.117773
 0.226844    -0.114140
 0.247903    -0.109763
 0.269440    -0.104717
 0.291409    -0.099074
 0.313768    -0.092910
 0.336479    -0.086298
 0.359505    -0.079314
 0.382813    -0.072031
 0.406370    -0.064526
 0.430149    -0.056872
 0.454123    -0.049145
 0.478267    -0.041417
 0.502560    -0.033763
 0.526981    -0.026256
 0.551512    -0.018967
 0.576136    -0.011968
 0.600839    -0.005330
 0.625608    0.000879
 0.650430    0.006590
 0.675297    0.011736
 0.700199    0.016253
 0.725129    0.020075
 0.750080    0.023142
 0.775047    0.025393
 0.800026    0.026769
 0.825013    0.027215
 0.850006    0.026674
 0.875003    0.025097
 0.900001    0.022432
 0.925000    0.018634
 0.950000    0.013656
 0.975000    0.007458
 1.000000    -0.000000
