002231
 1.000000    -0.000000
 0.975000    0.027442
 0.950000    0.053532
 0.925000    0.078223
 0.900001    0.101475
 0.875003    0.123257
 0.850006    0.143548
 0.825013    0.162331
 0.800026    0.179600
 0.775047    0.195354
 0.750080    0.209597
 0.725129    0.222342
 0.700199    0.233605
 0.675297    0.243411
 0.650430    0.251786
 0.625608    0.258764
 0.600839    0.264379
 0.576136    0.268674
 0.551512    0.271693
 0.526981    0.273481
 0.502560    0.274090
 0.478267    0.273571
 0.454123    0.271979
 0.430149    0.269369
 0.406370    0.265800
 0.382813    0.261328
 0.359505    0.256013
 0.336479    0.249913
 0.313768    0.243087
 0.291409    0.235592
 0.269440    0.227486
 0.247903    0.218824
 0.226844    0.209660
 0.206308    0.200045
 0.186348    0.190029
 0.167017    0.179659
 0.148373    0.168976
 0.130475    0.158022
 0.113388    0.146831
 0.097179    0.135434
 0.081920    0.123859
 0.067685    0.112127
 0.054553    0.100253
 0.042607    0.088249
 0.031933    0.076117
 0.022623    0.063855
 0.014770    0.051454
 0.008476    0.038897
 0.003843    0.026159
 0.000980    0.013207
 0.000000    0.000000
 0.000980    -0.019091
 0.003843    -0.036394
 0.008476    -0.051953
 0.014770    -0.065818
 0.022623    -0.078039
 0.031933    -0.088670
 0.042607    -0.097765
 0.054553    -0.105383
 0.067685    -0.111581
 0.081920    -0.116422
 0.097179    -0.119969
 0.113388    -0.122285
 0.130475    -0.123438
 0.148373    -0.123494
 0.167017    -0.122521
 0.186348    -0.120591
 0.206308    -0.117773
 0.226844    -0.114140
 0.247903    -0.109763
 0.269440    -0.104717
 0.291409    -0.099074
 0.313768    -0.092910
 0.336479    -0.086298
 0.359505    -0.079314
 0.382813    -0.072031
 0.406370    -0.064526
 0.430149    -0.056872
 0.454123    -0.049145
 0.478267    -0.041417
 0.502560    -0.033763
 0.526981    -0.026256
 0.551512    -0.018967
 0.576136    -0.011968
 0.600839    -0.005330
 0.625608    0.000879
 0.650430    0.006590
 0.675297    0.011736
 0.700199    0.016253
 0.725129    0.020075
 0.750080    0.023142
 0.775047    0.025393
 0.800026    0.026769
 0.825013    0.027215
 0.850006    0.026674
 0.875003    0.025097
 0.900001    0.022432
 0.925000    0.018634
 0.950000    0.013656
 0.975000    0.007458
 1.000000    -0.000000
