002205
 1.000000    -0.000000
 0.975000    0.028882
 0.950000    0.055583
 0.925000    0.080188
 0.900001    0.102778
 0.875003    0.123434
 0.850006    0.142236
 0.825013    0.159259
 0.800026    0.174581
 0.775047    0.188276
 0.750080    0.200416
 0.725129    0.211072
 0.700199    0.220314
 0.675297    0.228208
 0.650430    0.234820
 0.625608    0.240215
 0.600839    0.244454
 0.576136    0.247596
 0.551512    0.249700
 0.526981    0.250822
 0.502560    0.251016
 0.478267    0.250334
 0.454123    0.248825
 0.430149    0.246537
 0.406370    0.243516
 0.382813    0.239805
 0.359505    0.235445
 0.336479    0.230475
 0.313768    0.224931
 0.291409    0.218847
 0.269440    0.212256
 0.247903    0.205186
 0.226844    0.197665
 0.206308    0.189716
 0.186348    0.181362
 0.167017    0.172621
 0.148373    0.163511
 0.130475    0.154046
 0.113388    0.144236
 0.097179    0.134091
 0.081920    0.123616
 0.067685    0.112815
 0.054553    0.101687
 0.042607    0.090231
 0.031933    0.078440
 0.022623    0.066307
 0.014770    0.053820
 0.008476    0.040965
 0.003843    0.027724
 0.000980    0.014077
 0.000000    0.000000
 0.000980    -0.019095
 0.003843    -0.036420
 0.008476    -0.052038
 0.014770    -0.066010
 0.022623    -0.078396
 0.031933    -0.089257
 0.042607    -0.098650
 0.054553    -0.106635
 0.067685    -0.113269
 0.081920    -0.118611
 0.097179    -0.122719
 0.113388    -0.125649
 0.130475    -0.127460
 0.148373    -0.128208
 0.167017    -0.127953
 0.186348    -0.126751
 0.206308    -0.124661
 0.226844    -0.121742
 0.247903    -0.118053
 0.269440    -0.113654
 0.291409    -0.108606
 0.313768    -0.102970
 0.336479    -0.096809
 0.359505    -0.090185
 0.382813    -0.083164
 0.406370    -0.075811
 0.430149    -0.068192
 0.454123    -0.060376
 0.478267    -0.052433
 0.502560    -0.044434
 0.526981    -0.036451
 0.551512    -0.028560
 0.576136    -0.020836
 0.600839    -0.013359
 0.625608    -0.006208
 0.650430    0.000533
 0.675297    0.006782
 0.700199    0.012449
 0.725129    0.017447
 0.750080    0.021683
 0.775047    0.025063
 0.800026    0.027490
 0.825013    0.028864
 0.850006    0.029083
 0.875003    0.028040
 0.900001    0.025628
 0.925000    0.021735
 0.950000    0.016245
 0.975000    0.009041
 1.000000    -0.000000
