002274
 1.000000    -0.000000
 0.975000    0.028871
 0.950000    0.055539
 0.925000    0.080081
 0.900001    0.102579
 0.875003    0.123112
 0.850006    0.141757
 0.825013    0.158593
 0.800026    0.173698
 0.775047    0.187148
 0.750080    0.199018
 0.725129    0.209383
 0.700199    0.218316
 0.675297    0.225889
 0.650430    0.232173
 0.625608    0.237238
 0.600839    0.241149
 0.576136    0.243973
 0.551512    0.245773
 0.526981    0.246611
 0.502560    0.246547
 0.478267    0.245638
 0.454123    0.243938
 0.430149    0.241501
 0.406370    0.238376
 0.382813    0.234609
 0.359505    0.230246
 0.336479    0.225328
 0.313768    0.219892
 0.291409    0.213974
 0.269440    0.207605
 0.247903    0.200814
 0.226844    0.193625
 0.206308    0.186059
 0.186348    0.178134
 0.167017    0.169863
 0.148373    0.161255
 0.130475    0.152316
 0.113388    0.143046
 0.097179    0.133441
 0.081920    0.123494
 0.067685    0.113193
 0.054553    0.102519
 0.042607    0.091451
 0.031933    0.079962
 0.022623    0.068019
 0.014770    0.055585
 0.008476    0.042617
 0.003843    0.029067
 0.000980    0.014881
 0.000000    0.000000
 0.000980    -0.019166
 0.003843    -0.036690
 0.008476    -0.052611
 0.014770    -0.066967
 0.022623    -0.079801
 0.031933    -0.091153
 0.042607    -0.101067
 0.054553    -0.109586
 0.067685    -0.116756
 0.081920    -0.122624
 0.097179    -0.127236
 0.113388    -0.130643
 0.130475    -0.132893
 0.148373    -0.134039
 0.167017    -0.134132
 0.186348    -0.133228
 0.206308    -0.131382
 0.226844    -0.128651
 0.247903    -0.125093
 0.269440    -0.120768
 0.291409    -0.115738
 0.313768    -0.110065
 0.336479    -0.103814
 0.359505    -0.097051
 0.382813    -0.089844
 0.406370    -0.082262
 0.430149    -0.074376
 0.454123    -0.066259
 0.478267    -0.057986
 0.502560    -0.049632
 0.526981    -0.041276
 0.551512    -0.032998
 0.576136    -0.024879
 0.600839    -0.017003
 0.625608    -0.009455
 0.650430    -0.002324
 0.675297    0.004302
 0.700199    0.010332
 0.725129    0.015671
 0.750080    0.020224
 0.775047    0.023894
 0.800026    0.026581
 0.825013    0.028183
 0.850006    0.028595
 0.875003    0.027713
 0.900001    0.025427
 0.925000    0.021627
 0.950000    0.016200
 0.975000    0.009030
 1.000000    -0.000000
