002204
 1.000000    -0.000000
 0.975000    0.028810
 0.950000    0.055315
 0.925000    0.079623
 0.900001    0.101842
 0.875003    0.122075
 0.850006    0.140423
 0.825013    0.156985
 0.800026    0.171855
 0.775047    0.185127
 0.750080    0.196890
 0.725129    0.207229
 0.700199    0.216228
 0.675297    0.223967
 0.650430    0.230522
 0.625608    0.235966
 0.600839    0.240368
 0.576136    0.243795
 0.551512    0.246309
 0.526981    0.247968
 0.502560    0.248827
 0.478267    0.248938
 0.454123    0.248347
 0.430149    0.247097
 0.406370    0.245228
 0.382813    0.242773
 0.359505    0.239765
 0.336479    0.236229
 0.313768    0.232188
 0.291409    0.227658
 0.269440    0.222653
 0.247903    0.217181
 0.226844    0.211247
 0.206308    0.204850
 0.186348    0.197983
 0.167017    0.190636
 0.148373    0.182794
 0.130475    0.174437
 0.113388    0.165539
 0.097179    0.156068
 0.081920    0.145990
 0.067685    0.135263
 0.054553    0.123841
 0.042607    0.111671
 0.031933    0.098695
 0.022623    0.084852
 0.014770    0.070071
 0.008476    0.054279
 0.003843    0.037395
 0.000980    0.019333
 0.000000    0.000000
 0.000980    -0.019093
 0.003843    -0.036409
 0.008476    -0.052002
 0.014770    -0.065928
 0.022623    -0.078243
 0.031933    -0.089002
 0.042607    -0.098264
 0.054553    -0.106085
 0.067685    -0.112524
 0.081920    -0.117638
 0.097179    -0.121488
 0.113388    -0.124132
 0.130475    -0.125631
 0.148373    -0.126046
 0.167017    -0.125439
 0.186348    -0.123872
 0.206308    -0.121408
 0.226844    -0.118111
 0.247903    -0.114046
 0.269440    -0.109277
 0.291409    -0.103871
 0.313768    -0.097895
 0.336479    -0.091416
 0.359505    -0.084504
 0.382813    -0.077227
 0.406370    -0.069655
 0.430149    -0.061861
 0.454123    -0.053916
 0.478267    -0.045894
 0.502560    -0.037867
 0.526981    -0.029912
 0.551512    -0.022105
 0.576136    -0.014522
 0.600839    -0.007242
 0.625608    -0.000343
 0.650430    0.006093
 0.675297    0.011986
 0.700199    0.017253
 0.725129    0.021811
 0.750080    0.025574
 0.775047    0.028457
 0.800026    0.030373
 0.825013    0.031233
 0.850006    0.030947
 0.875003    0.029425
 0.900001    0.026575
 0.925000    0.022303
 0.950000    0.016514
 0.975000    0.009112
 1.000000    -0.000000
