002223
 1.000000    -0.000000
 0.975000    0.029051
 0.950000    0.056217
 0.925000    0.081522
 0.900001    0.104993
 0.875003    0.126664
 0.850006    0.146571
 0.825013    0.164755
 0.800026    0.181258
 0.775047    0.196128
 0.750080    0.209414
 0.725129    0.221168
 0.700199    0.231444
 0.675297    0.240297
 0.650430    0.247785
 0.625608    0.253966
 0.600839    0.258898
 0.576136    0.262642
 0.551512    0.265258
 0.526981    0.266804
 0.502560    0.267341
 0.478267    0.266926
 0.454123    0.265617
 0.430149    0.263470
 0.406370    0.260538
 0.382813    0.256875
 0.359505    0.252529
 0.336479    0.247549
 0.313768    0.241977
 0.291409    0.235855
 0.269440    0.229219
 0.247903    0.222103
 0.226844    0.214536
 0.206308    0.206542
 0.186348    0.198140
 0.167017    0.189344
 0.148373    0.180163
 0.130475    0.170600
 0.113388    0.160650
 0.097179    0.150304
 0.081920    0.139546
 0.067685    0.128350
 0.054553    0.116685
 0.042607    0.104513
 0.031933    0.091785
 0.022623    0.078446
 0.014770    0.064431
 0.008476    0.049667
 0.003843    0.034071
 0.000980    0.017549
 0.000000    0.000000
 0.000980    -0.019052
 0.003843    -0.036236
 0.008476    -0.051595
 0.014770    -0.065176
 0.022623    -0.077031
 0.031933    -0.087212
 0.042607    -0.095778
 0.054553    -0.102791
 0.067685    -0.108312
 0.081920    -0.112410
 0.097179    -0.115152
 0.113388    -0.116610
 0.130475    -0.116857
 0.148373    -0.115969
 0.167017    -0.114023
 0.186348    -0.111097
 0.206308    -0.107272
 0.226844    -0.102629
 0.247903    -0.097250
 0.269440    -0.091219
 0.291409    -0.084619
 0.313768    -0.077535
 0.336479    -0.070050
 0.359505    -0.062250
 0.382813    -0.054219
 0.406370    -0.046040
 0.430149    -0.037799
 0.454123    -0.029576
 0.478267    -0.021455
 0.502560    -0.013517
 0.526981    -0.005840
 0.551512    0.001496
 0.576136    0.008416
 0.600839    0.014845
 0.625608    0.020709
 0.650430    0.025939
 0.675297    0.030467
 0.700199    0.034226
 0.725129    0.037155
 0.750080    0.039194
 0.775047    0.040285
 0.800026    0.040377
 0.825013    0.039420
 0.850006    0.037367
 0.875003    0.034177
 0.900001    0.029812
 0.925000    0.024238
 0.950000    0.017427
 0.975000    0.009354
 1.000000    -0.000000
