002289
 1.000000    -0.000000
 0.975000    0.029047
 0.950000    0.056188
 0.925000    0.081429
 0.900001    0.104780
 0.875003    0.126262
 0.850006    0.145901
 0.825013    0.163728
 0.800026    0.179781
 0.775047    0.194102
 0.750080    0.206739
 0.725129    0.217744
 0.700199    0.227172
 0.675297    0.235083
 0.650430    0.241539
 0.625608    0.246604
 0.600839    0.250346
 0.576136    0.252834
 0.551512    0.254138
 0.526981    0.254329
 0.502560    0.253478
 0.478267    0.251658
 0.454123    0.248940
 0.430149    0.245394
 0.406370    0.241089
 0.382813    0.236094
 0.359505    0.230473
 0.336479    0.224290
 0.313768    0.217606
 0.291409    0.210476
 0.269440    0.202954
 0.247903    0.195088
 0.226844    0.186923
 0.206308    0.178498
 0.186348    0.169846
 0.167017    0.160995
 0.148373    0.151967
 0.130475    0.142775
 0.113388    0.133427
 0.097179    0.123922
 0.081920    0.114253
 0.067685    0.104402
 0.054553    0.094342
 0.042607    0.084040
 0.031933    0.073450
 0.022623    0.062517
 0.014770    0.051175
 0.008476    0.039346
 0.003843    0.026943
 0.000980    0.013865
 0.000000    0.000000
 0.000980    -0.019017
 0.003843    -0.036102
 0.008476    -0.051311
 0.014770    -0.064703
 0.022623    -0.076338
 0.031933    -0.086280
 0.042607    -0.094594
 0.054553    -0.101349
 0.067685    -0.106615
 0.081920    -0.110464
 0.097179    -0.112970
 0.113388    -0.114207
 0.130475    -0.114255
 0.148373    -0.113189
 0.167017    -0.111090
 0.186348    -0.108038
 0.206308    -0.104115
 0.226844    -0.099402
 0.247903    -0.093981
 0.269440    -0.087936
 0.291409    -0.081350
 0.313768    -0.074305
 0.336479    -0.066885
 0.359505    -0.059172
 0.382813    -0.051250
 0.406370    -0.043200
 0.430149    -0.035102
 0.454123    -0.027039
 0.478267    -0.019088
 0.502560    -0.011328
 0.526981    -0.003836
 0.551512    0.003312
 0.576136    0.010043
 0.600839    0.016284
 0.625608    0.021966
 0.650430    0.027020
 0.675297    0.031381
 0.700199    0.034985
 0.725129    0.037770
 0.750080    0.039680
 0.775047    0.040658
 0.800026    0.040652
 0.825013    0.039613
 0.850006    0.037494
 0.875003    0.034254
 0.900001    0.029853
 0.925000    0.024256
 0.950000    0.017433
 0.975000    0.009355
 1.000000    -0.000000
