002393
 1.000000    -0.000000
 0.975000    0.028833
 0.950000    0.055382
 0.925000    0.079724
 0.900001    0.101939
 0.875003    0.122107
 0.850006    0.140308
 0.825013    0.156622
 0.800026    0.171132
 0.775047    0.183919
 0.750080    0.195066
 0.725129    0.204652
 0.700199    0.212760
 0.675297    0.219469
 0.650430    0.224859
 0.625608    0.229008
 0.600839    0.231993
 0.576136    0.233890
 0.551512    0.234773
 0.526981    0.234713
 0.502560    0.233779
 0.478267    0.232040
 0.454123    0.229560
 0.430149    0.226402
 0.406370    0.222623
 0.382813    0.218281
 0.359505    0.213428
 0.336479    0.208112
 0.313768    0.202379
 0.291409    0.196270
 0.269440    0.189821
 0.247903    0.183065
 0.226844    0.176030
 0.206308    0.168739
 0.186348    0.161210
 0.167017    0.153454
 0.148373    0.145480
 0.130475    0.137289
 0.113388    0.128875
 0.097179    0.120230
 0.081920    0.111334
 0.067685    0.102166
 0.054553    0.092695
 0.042607    0.082884
 0.031933    0.072688
 0.022623    0.062055
 0.014770    0.050928
 0.008476    0.039237
 0.003843    0.026910
 0.000980    0.013861
 0.000000    0.000000
 0.000980    -0.019021
 0.003843    -0.036136
 0.008476    -0.051420
 0.014770    -0.064950
 0.022623    -0.076800
 0.031933    -0.087043
 0.042607    -0.095751
 0.054553    -0.102997
 0.067685    -0.108850
 0.081920    -0.113382
 0.097179    -0.116662
 0.113388    -0.118759
 0.130475    -0.119741
 0.148373    -0.119675
 0.167017    -0.118631
 0.186348    -0.116675
 0.206308    -0.113874
 0.226844    -0.110294
 0.247903    -0.106004
 0.269440    -0.101069
 0.291409    -0.095556
 0.313768    -0.089532
 0.336479    -0.083063
 0.359505    -0.076218
 0.382813    -0.069062
 0.406370    -0.061665
 0.430149    -0.054094
 0.454123    -0.046418
 0.478267    -0.038706
 0.502560    -0.031027
 0.526981    -0.023453
 0.551512    -0.016053
 0.576136    -0.008901
 0.600839    -0.002069
 0.625608    0.004370
 0.650430    0.010340
 0.675297    0.015767
 0.700199    0.020572
 0.725129    0.024678
 0.750080    0.028006
 0.775047    0.030475
 0.800026    0.032003
 0.825013    0.032507
 0.850006    0.031901
 0.875003    0.030099
 0.900001    0.027012
 0.925000    0.022552
 0.950000    0.016626
 0.975000    0.009140
 1.000000    -0.000000
