002348
 1.000000    -0.000000
 0.975000    0.028836
 0.950000    0.055404
 0.925000    0.079798
 0.900001    0.102108
 0.875003    0.122423
 0.850006    0.140833
 0.825013    0.157425
 0.800026    0.172283
 0.775047    0.185491
 0.750080    0.197133
 0.725129    0.207287
 0.700199    0.216034
 0.675297    0.223448
 0.650430    0.229604
 0.625608    0.234574
 0.600839    0.238429
 0.576136    0.241234
 0.551512    0.243056
 0.526981    0.243956
 0.502560    0.243994
 0.478267    0.243226
 0.454123    0.241706
 0.430149    0.239484
 0.406370    0.236609
 0.382813    0.233125
 0.359505    0.229072
 0.336479    0.224489
 0.313768    0.219409
 0.291409    0.213864
 0.269440    0.207878
 0.247903    0.201477
 0.226844    0.194678
 0.206308    0.187497
 0.186348    0.179945
 0.167017    0.172028
 0.148373    0.163748
 0.130475    0.155105
 0.113388    0.146090
 0.097179    0.136694
 0.081920    0.126899
 0.067685    0.116686
 0.054553    0.106029
 0.042607    0.094896
 0.031933    0.083253
 0.022623    0.071059
 0.014770    0.058266
 0.008476    0.044824
 0.003843    0.030675
 0.000980    0.015757
 0.000000    0.000000
 0.000980    -0.019164
 0.003843    -0.036673
 0.008476    -0.052556
 0.014770    -0.066844
 0.022623    -0.079570
 0.031933    -0.090772
 0.042607    -0.100488
 0.054553    -0.108762
 0.067685    -0.115639
 0.081920    -0.121165
 0.097179    -0.125390
 0.113388    -0.128367
 0.130475    -0.130150
 0.148373    -0.130795
 0.167017    -0.130362
 0.186348    -0.128910
 0.206308    -0.126503
 0.226844    -0.123205
 0.247903    -0.119081
 0.269440    -0.114202
 0.291409    -0.108635
 0.313768    -0.102451
 0.336479    -0.095725
 0.359505    -0.088528
 0.382813    -0.080937
 0.406370    -0.073029
 0.430149    -0.064880
 0.454123    -0.056569
 0.478267    -0.048177
 0.502560    -0.039782
 0.526981    -0.031468
 0.551512    -0.023315
 0.576136    -0.015407
 0.600839    -0.007826
 0.625608    -0.000657
 0.650430    0.006016
 0.675297    0.012109
 0.700199    0.017538
 0.725129    0.022217
 0.750080    0.026061
 0.775047    0.028985
 0.800026    0.030905
 0.825013    0.031736
 0.850006    0.031392
 0.875003    0.029791
 0.900001    0.026848
 0.925000    0.022480
 0.950000    0.016603
 0.975000    0.009137
 1.000000    -0.000000
