002396
 1.000000    -0.000000
 0.975000    0.028764
 0.950000    0.055135
 0.925000    0.079229
 0.900001    0.101157
 0.875003    0.121030
 0.850006    0.138952
 0.825013    0.155025
 0.800026    0.169347
 0.775047    0.182015
 0.750080    0.193120
 0.725129    0.202750
 0.700199    0.210990
 0.675297    0.217922
 0.650430    0.223623
 0.625608    0.228170
 0.600839    0.231634
 0.576136    0.234082
 0.551512    0.235580
 0.526981    0.236189
 0.502560    0.235968
 0.478267    0.234972
 0.454123    0.233252
 0.430149    0.230857
 0.406370    0.227832
 0.382813    0.224219
 0.359505    0.220057
 0.336479    0.215381
 0.313768    0.210223
 0.291409    0.204613
 0.269440    0.198576
 0.247903    0.192135
 0.226844    0.185309
 0.206308    0.178115
 0.186348    0.170566
 0.167017    0.162671
 0.148373    0.154438
 0.130475    0.145869
 0.113388    0.136967
 0.097179    0.127727
 0.081920    0.118144
 0.067685    0.108210
 0.054553    0.097912
 0.042607    0.087235
 0.031933    0.076162
 0.022623    0.064672
 0.014770    0.052739
 0.008476    0.040337
 0.003843    0.027436
 0.000980    0.014003
 0.000000    0.000000
 0.000980    -0.019163
 0.003843    -0.036662
 0.008476    -0.052520
 0.014770    -0.066761
 0.022623    -0.079416
 0.031933    -0.090517
 0.042607    -0.100103
 0.054553    -0.108213
 0.067685    -0.114894
 0.081920    -0.120192
 0.097179    -0.124159
 0.113388    -0.126850
 0.130475    -0.128321
 0.148373    -0.128633
 0.167017    -0.127848
 0.186348    -0.126031
 0.206308    -0.123250
 0.226844    -0.119574
 0.247903    -0.115074
 0.269440    -0.109824
 0.291409    -0.103899
 0.313768    -0.097376
 0.336479    -0.090332
 0.359505    -0.082846
 0.382813    -0.075000
 0.406370    -0.066874
 0.430149    -0.058549
 0.454123    -0.050109
 0.478267    -0.041637
 0.502560    -0.033216
 0.526981    -0.024929
 0.551512    -0.016860
 0.576136    -0.009092
 0.600839    -0.001709
 0.625608    0.005208
 0.650430    0.011576
 0.675297    0.017314
 0.700199    0.022342
 0.725129    0.026581
 0.750080    0.029952
 0.775047    0.032379
 0.800026    0.033788
 0.825013    0.034104
 0.850006    0.033257
 0.875003    0.031176
 0.900001    0.027795
 0.925000    0.023048
 0.950000    0.016872
 0.975000    0.009209
 1.000000    -0.000000
