002494
 1.000000    -0.000000
 0.975000    0.029049
 0.950000    0.056205
 0.925000    0.081484
 0.900001    0.104905
 0.875003    0.126497
 0.850006    0.146291
 0.825013    0.164322
 0.800026    0.180631
 0.775047    0.195261
 0.750080    0.208259
 0.725129    0.219677
 0.700199    0.229568
 0.675297    0.237987
 0.650430    0.244992
 0.625608    0.250644
 0.600839    0.255003
 0.576136    0.258133
 0.551512    0.260095
 0.526981    0.260954
 0.502560    0.260774
 0.478267    0.259619
 0.454123    0.257550
 0.430149    0.254631
 0.406370    0.250923
 0.382813    0.246484
 0.359505    0.241373
 0.336479    0.235644
 0.313768    0.229351
 0.291409    0.222542
 0.269440    0.215266
 0.247903    0.207563
 0.226844    0.199475
 0.206308    0.191034
 0.186348    0.182273
 0.167017    0.173215
 0.148373    0.163881
 0.130475    0.154285
 0.113388    0.144436
 0.097179    0.134336
 0.081920    0.123981
 0.067685    0.113358
 0.054553    0.102451
 0.042607    0.091231
 0.031933    0.079665
 0.022623    0.067711
 0.014770    0.055317
 0.008476    0.042424
 0.003843    0.028961
 0.000980    0.014849
 0.000000    0.000000
 0.000980    -0.019124
 0.003843    -0.036505
 0.008476    -0.052163
 0.014770    -0.066123
 0.022623    -0.078416
 0.031933    -0.089077
 0.042607    -0.098147
 0.054553    -0.105674
 0.067685    -0.111706
 0.081920    -0.116301
 0.097179    -0.119516
 0.113388    -0.121414
 0.130475    -0.122062
 0.148373    -0.121529
 0.167017    -0.119888
 0.186348    -0.117215
 0.206308    -0.113587
 0.226844    -0.109084
 0.247903    -0.103789
 0.269440    -0.097786
 0.291409    -0.091159
 0.313768    -0.083995
 0.336479    -0.076381
 0.359505    -0.068405
 0.382813    -0.060156
 0.406370    -0.051722
 0.430149    -0.043192
 0.454123    -0.034652
 0.478267    -0.026191
 0.502560    -0.017894
 0.526981    -0.009848
 0.551512    -0.002135
 0.576136    0.005163
 0.600839    0.011966
 0.625608    0.018195
 0.650430    0.023777
 0.675297    0.028638
 0.700199    0.032709
 0.725129    0.035924
 0.750080    0.038221
 0.775047    0.039540
 0.800026    0.039828
 0.825013    0.039034
 0.850006    0.037113
 0.875003    0.034023
 0.900001    0.029730
 0.925000    0.024202
 0.950000    0.017416
 0.975000    0.009353
 1.000000    -0.000000
