002403
 1.000000    -0.000000
 0.975000    0.028943
 0.950000    0.055807
 0.925000    0.080649
 0.900001    0.103524
 0.875003    0.124492
 0.850006    0.143613
 0.825013    0.160946
 0.800026    0.176555
 0.775047    0.190501
 0.750080    0.202848
 0.725129    0.213660
 0.700199    0.223000
 0.675297    0.230933
 0.650430    0.237523
 0.625608    0.242833
 0.600839    0.246928
 0.576136    0.249868
 0.551512    0.251717
 0.526981    0.252536
 0.502560    0.252384
 0.478267    0.251320
 0.454123    0.249401
 0.430149    0.246683
 0.406370    0.243220
 0.382813    0.239063
 0.359505    0.234261
 0.336479    0.228863
 0.313768    0.222912
 0.291409    0.216451
 0.269440    0.209520
 0.247903    0.202154
 0.226844    0.194387
 0.206308    0.186248
 0.186348    0.177763
 0.167017    0.168955
 0.148373    0.159843
 0.130475    0.150441
 0.113388    0.140759
 0.097179    0.130804
 0.081920    0.120576
 0.067685    0.110072
 0.054553    0.099285
 0.042607    0.088199
 0.031933    0.076798
 0.022623    0.065057
 0.014770    0.052945
 0.008476    0.040428
 0.003843    0.027464
 0.000980    0.014006
 0.000000    0.000000
 0.000980    -0.019168
 0.003843    -0.036701
 0.008476    -0.052647
 0.014770    -0.067050
 0.022623    -0.079955
 0.031933    -0.091407
 0.042607    -0.101452
 0.054553    -0.110135
 0.067685    -0.117501
 0.081920    -0.123597
 0.097179    -0.128467
 0.113388    -0.132160
 0.130475    -0.134722
 0.148373    -0.136201
 0.167017    -0.136646
 0.186348    -0.136107
 0.206308    -0.134635
 0.226844    -0.132282
 0.247903    -0.129101
 0.269440    -0.125146
 0.291409    -0.120473
 0.313768    -0.115140
 0.336479    -0.109207
 0.359505    -0.102733
 0.382813    -0.095781
 0.406370    -0.088417
 0.430149    -0.080707
 0.454123    -0.072719
 0.478267    -0.064525
 0.502560    -0.056198
 0.526981    -0.047815
 0.551512    -0.039453
 0.576136    -0.031193
 0.600839    -0.023120
 0.625608    -0.015321
 0.650430    -0.007884
 0.675297    -0.000902
 0.700199    0.005528
 0.725129    0.011307
 0.750080    0.016333
 0.775047    0.020500
 0.800026    0.023698
 0.825013    0.025814
 0.850006    0.026731
 0.875003    0.026328
 0.900001    0.024481
 0.925000    0.021059
 0.950000    0.015931
 0.975000    0.008959
 1.000000    -0.000000
