002467
 1.000000    -0.000000
 0.975000    0.029157
 0.950000    0.056609
 0.925000    0.082335
 0.900001    0.106324
 0.875003    0.128571
 0.850006    0.149079
 0.825013    0.167859
 0.800026    0.184929
 0.775047    0.200311
 0.750080    0.214035
 0.725129    0.226136
 0.700199    0.236654
 0.675297    0.245633
 0.650430    0.253122
 0.625608    0.259173
 0.600839    0.263841
 0.576136    0.267185
 0.551512    0.269267
 0.526981    0.270148
 0.502560    0.269894
 0.478267    0.268570
 0.454123    0.266243
 0.430149    0.262979
 0.406370    0.258845
 0.382813    0.253906
 0.359505    0.248229
 0.336479    0.241876
 0.313768    0.234909
 0.291409    0.227388
 0.269440    0.219370
 0.247903    0.210908
 0.226844    0.202052
 0.206308    0.192849
 0.186348    0.183341
 0.167017    0.173564
 0.148373    0.163550
 0.130475    0.153325
 0.113388    0.142909
 0.097179    0.132314
 0.081920    0.121549
 0.067685    0.110610
 0.054553    0.099491
 0.042607    0.088172
 0.031933    0.076629
 0.022623    0.064826
 0.014770    0.052719
 0.008476    0.040253
 0.003843    0.027364
 0.000980    0.013975
 0.000000    0.000000
 0.000980    -0.019126
 0.003843    -0.036522
 0.008476    -0.052218
 0.014770    -0.066247
 0.022623    -0.078647
 0.031933    -0.089458
 0.042607    -0.098726
 0.054553    -0.106497
 0.067685    -0.112824
 0.081920    -0.117760
 0.097179    -0.121362
 0.113388    -0.123689
 0.130475    -0.124805
 0.148373    -0.124772
 0.167017    -0.123658
 0.186348    -0.121533
 0.206308    -0.118466
 0.226844    -0.114531
 0.247903    -0.109801
 0.269440    -0.104352
 0.291409    -0.098262
 0.313768    -0.091608
 0.336479    -0.084470
 0.359505    -0.076928
 0.382813    -0.069062
 0.406370    -0.060955
 0.430149    -0.052688
 0.454123    -0.044342
 0.478267    -0.036000
 0.502560    -0.027744
 0.526981    -0.019656
 0.551512    -0.011817
 0.576136    -0.004309
 0.600839    0.002789
 0.625608    0.009398
 0.650430    0.015437
 0.675297    0.020831
 0.700199    0.025503
 0.725129    0.029378
 0.750080    0.032384
 0.775047    0.034449
 0.800026    0.035504
 0.825013    0.035481
 0.850006    0.034316
 0.875003    0.031945
 0.900001    0.028309
 0.925000    0.023350
 0.950000    0.017012
 0.975000    0.009245
 1.000000    -0.000000
