002498
 1.000000    -0.000000
 0.975000    0.029156
 0.950000    0.056603
 0.925000    0.082316
 0.900001    0.106279
 0.875003    0.128486
 0.850006    0.148936
 0.825013    0.167637
 0.800026    0.184605
 0.775047    0.199862
 0.750080    0.213435
 0.725129    0.225358
 0.700199    0.235671
 0.675297    0.244418
 0.650430    0.251647
 0.625608    0.257411
 0.600839    0.261766
 0.576136    0.264773
 0.551512    0.266494
 0.526981    0.266993
 0.502560    0.266338
 0.478267    0.264595
 0.454123    0.261836
 0.430149    0.258129
 0.406370    0.253545
 0.382813    0.248154
 0.359505    0.242025
 0.336479    0.235227
 0.313768    0.227825
 0.291409    0.219885
 0.269440    0.211469
 0.247903    0.202637
 0.226844    0.193445
 0.206308    0.183946
 0.186348    0.174188
 0.167017    0.164216
 0.148373    0.154068
 0.130475    0.143779
 0.113388    0.133375
 0.097179    0.122880
 0.081920    0.112307
 0.067685    0.101665
 0.054553    0.090954
 0.042607    0.080167
 0.031933    0.069287
 0.022623    0.058290
 0.014770    0.047141
 0.008476    0.035797
 0.003843    0.024203
 0.000980    0.012296
 0.000000    0.000000
 0.000980    -0.019090
 0.003843    -0.036388
 0.008476    -0.051934
 0.014770    -0.065773
 0.022623    -0.077954
 0.031933    -0.088526
 0.042607    -0.097541
 0.054553    -0.105056
 0.067685    -0.111127
 0.081920    -0.115814
 0.097179    -0.119180
 0.113388    -0.121287
 0.130475    -0.122202
 0.148373    -0.121992
 0.167017    -0.120726
 0.186348    -0.118474
 0.206308    -0.115309
 0.226844    -0.111303
 0.247903    -0.106531
 0.269440    -0.101069
 0.291409    -0.094992
 0.313768    -0.088378
 0.336479    -0.081305
 0.359505    -0.073850
 0.382813    -0.066094
 0.406370    -0.058114
 0.430149    -0.049991
 0.454123    -0.041804
 0.478267    -0.033632
 0.502560    -0.025555
 0.526981    -0.017652
 0.551512    -0.010002
 0.576136    -0.002682
 0.600839    0.004229
 0.625608    0.010654
 0.650430    0.016518
 0.675297    0.021745
 0.700199    0.026261
 0.725129    0.029994
 0.750080    0.032870
 0.775047    0.034822
 0.800026    0.035779
 0.825013    0.035674
 0.850006    0.034443
 0.875003    0.032022
 0.900001    0.028350
 0.925000    0.023368
 0.950000    0.017018
 0.975000    0.009246
 1.000000    -0.000000
