002504
 1.000000    -0.000000
 0.975000    0.029111
 0.950000    0.056435
 0.925000    0.081961
 0.900001    0.105687
 0.875003    0.127619
 0.850006    0.147767
 0.825013    0.166151
 0.800026    0.182794
 0.775047    0.197725
 0.750080    0.210980
 0.725129    0.222598
 0.700199    0.232623
 0.675297    0.241104
 0.650430    0.248093
 0.625608    0.253644
 0.600839    0.257816
 0.576136    0.260670
 0.551512    0.262268
 0.526981    0.262676
 0.502560    0.261960
 0.478267    0.260187
 0.454123    0.257425
 0.430149    0.253742
 0.406370    0.249207
 0.382813    0.243887
 0.359505    0.237849
 0.336479    0.231159
 0.313768    0.223882
 0.291409    0.216079
 0.269440    0.207810
 0.247903    0.199132
 0.226844    0.190100
 0.206308    0.180764
 0.186348    0.171170
 0.167017    0.161362
 0.148373    0.151377
 0.130475    0.141247
 0.113388    0.131001
 0.097179    0.120660
 0.081920    0.110240
 0.067685    0.099750
 0.054553    0.089192
 0.042607    0.078562
 0.031933    0.067846
 0.022623    0.057025
 0.014770    0.046069
 0.008476    0.034940
 0.003843    0.023591
 0.000980    0.011967
 0.000000    0.000000
 0.000980    -0.019090
 0.003843    -0.036383
 0.008476    -0.051920
 0.014770    -0.065743
 0.022623    -0.077896
 0.031933    -0.088430
 0.042607    -0.097397
 0.054553    -0.104850
 0.067685    -0.110848
 0.081920    -0.115450
 0.097179    -0.118718
 0.113388    -0.120718
 0.130475    -0.121516
 0.148373    -0.121181
 0.167017    -0.119783
 0.186348    -0.117395
 0.206308    -0.114089
 0.226844    -0.109941
 0.247903    -0.105028
 0.269440    -0.099427
 0.291409    -0.093216
 0.313768    -0.086475
 0.336479    -0.079282
 0.359505    -0.071720
 0.382813    -0.063867
 0.406370    -0.055806
 0.430149    -0.047617
 0.454123    -0.039382
 0.478267    -0.031180
 0.502560    -0.023093
 0.526981    -0.015200
 0.551512    -0.007581
 0.576136    -0.000314
 0.600839    0.006523
 0.625608    0.012854
 0.650430    0.018603
 0.675297    0.023697
 0.700199    0.028063
 0.725129    0.031630
 0.750080    0.034330
 0.775047    0.036094
 0.800026    0.036860
 0.825013    0.036562
 0.850006    0.035142
 0.875003    0.032542
 0.900001    0.028706
 0.925000    0.023581
 0.950000    0.017119
 0.975000    0.009273
 1.000000    -0.000000
