002613
 1.000000    -0.000000
 0.975000    0.028959
 0.950000    0.055863
 0.925000    0.080754
 0.900001    0.103676
 0.875003    0.124678
 0.850006    0.143812
 0.825013    0.161129
 0.800026    0.176687
 0.775047    0.190543
 0.750080    0.202757
 0.725129    0.213390
 0.700199    0.222504
 0.675297    0.230165
 0.650430    0.236436
 0.625608    0.241382
 0.600839    0.245070
 0.576136    0.247566
 0.551512    0.248934
 0.526981    0.249242
 0.502560    0.248554
 0.478267    0.246934
 0.454123    0.244445
 0.430149    0.241151
 0.406370    0.237110
 0.382813    0.232383
 0.359505    0.227026
 0.336479    0.221093
 0.313768    0.214638
 0.291409    0.207709
 0.269440    0.200354
 0.247903    0.192617
 0.226844    0.184536
 0.206308    0.176150
 0.186348    0.167490
 0.167017    0.158586
 0.148373    0.149463
 0.130475    0.140139
 0.113388    0.130630
 0.097179    0.120946
 0.081920    0.111091
 0.067685    0.101066
 0.054553    0.090863
 0.042607    0.080471
 0.031933    0.069870
 0.022623    0.059035
 0.014770    0.047935
 0.008476    0.036531
 0.003843    0.024778
 0.000980    0.012621
 0.000000    0.000000
 0.000980    -0.019096
 0.003843    -0.036430
 0.008476    -0.052070
 0.014770    -0.066082
 0.022623    -0.078531
 0.031933    -0.089479
 0.042607    -0.098987
 0.054553    -0.107115
 0.067685    -0.113921
 0.081920    -0.119462
 0.097179    -0.123796
 0.113388    -0.126976
 0.130475    -0.129060
 0.148373    -0.130100
 0.167017    -0.130152
 0.186348    -0.129270
 0.206308    -0.127507
 0.226844    -0.124919
 0.247903    -0.121560
 0.269440    -0.117485
 0.291409    -0.112750
 0.313768    -0.107412
 0.336479    -0.101528
 0.359505    -0.095157
 0.382813    -0.088359
 0.406370    -0.081196
 0.430149    -0.073731
 0.454123    -0.066028
 0.478267    -0.058155
 0.502560    -0.050179
 0.526981    -0.042172
 0.551512    -0.034208
 0.576136    -0.026362
 0.600839    -0.018712
 0.625608    -0.011341
 0.650430    -0.004331
 0.675297    0.002228
 0.700199    0.008246
 0.725129    0.013629
 0.750080    0.018278
 0.775047    0.022093
 0.800026    0.024968
 0.825013    0.026792
 0.850006    0.027451
 0.875003    0.026828
 0.900001    0.024800
 0.925000    0.021238
 0.950000    0.016009
 0.975000    0.008978
 1.000000    -0.000000
