002650
 1.000000    -0.000000
 0.975000    0.029193
 0.950000    0.056749
 0.925000    0.082641
 0.900001    0.106848
 0.875003    0.129364
 0.850006    0.150186
 0.825013    0.169323
 0.800026    0.186789
 0.775047    0.202606
 0.750080    0.216802
 0.725129    0.229411
 0.700199    0.240473
 0.675297    0.250033
 0.650430    0.258139
 0.625608    0.264843
 0.600839    0.270202
 0.576136    0.274273
 0.551512    0.277118
 0.526981    0.278799
 0.502560    0.279379
 0.478267    0.278923
 0.454123    0.277494
 0.430149    0.275157
 0.406370    0.271975
 0.382813    0.268008
 0.359505    0.263316
 0.336479    0.257956
 0.313768    0.251981
 0.291409    0.245442
 0.269440    0.238385
 0.247903    0.230850
 0.226844    0.222874
 0.206308    0.214487
 0.186348    0.205714
 0.167017    0.196571
 0.148373    0.187069
 0.130475    0.177210
 0.113388    0.166987
 0.097179    0.156386
 0.081920    0.145382
 0.067685    0.133941
 0.054553    0.122018
 0.042607    0.109556
 0.031933    0.096488
 0.022623    0.082736
 0.014770    0.068206
 0.008476    0.052793
 0.003843    0.036379
 0.000980    0.018831
 0.000000    0.000000
 0.000980    -0.019163
 0.003843    -0.036662
 0.008476    -0.052520
 0.014770    -0.066761
 0.022623    -0.079416
 0.031933    -0.090517
 0.042607    -0.100103
 0.054553    -0.108213
 0.067685    -0.114894
 0.081920    -0.120192
 0.097179    -0.124159
 0.113388    -0.126850
 0.130475    -0.128321
 0.148373    -0.128633
 0.167017    -0.127848
 0.186348    -0.126031
 0.206308    -0.123250
 0.226844    -0.119574
 0.247903    -0.115074
 0.269440    -0.109824
 0.291409    -0.103899
 0.313768    -0.097376
 0.336479    -0.090332
 0.359505    -0.082846
 0.382813    -0.075000
 0.406370    -0.066874
 0.430149    -0.058549
 0.454123    -0.050109
 0.478267    -0.041637
 0.502560    -0.033216
 0.526981    -0.024929
 0.551512    -0.016860
 0.576136    -0.009092
 0.600839    -0.001709
 0.625608    0.005208
 0.650430    0.011576
 0.675297    0.017314
 0.700199    0.022342
 0.725129    0.026581
 0.750080    0.029952
 0.775047    0.032379
 0.800026    0.033788
 0.825013    0.034104
 0.850006    0.033257
 0.875003    0.031176
 0.900001    0.027795
 0.925000    0.023048
 0.950000    0.016872
 0.975000    0.009209
 1.000000    -0.000000
