002710
 1.000000    -0.000000
 0.975000    0.029189
 0.950000    0.056717
 0.925000    0.082535
 0.900001    0.106605
 0.875003    0.128900
 0.850006    0.149405
 0.825013    0.168113
 0.800026    0.185030
 0.775047    0.200168
 0.750080    0.213549
 0.725129    0.225202
 0.700199    0.235164
 0.675297    0.243478
 0.650430    0.250196
 0.625608    0.255372
 0.600839    0.259068
 0.576136    0.261348
 0.551512    0.262282
 0.526981    0.261944
 0.502560    0.260410
 0.478267    0.257756
 0.454123    0.254065
 0.430149    0.249417
 0.406370    0.243894
 0.382813    0.237578
 0.359505    0.230552
 0.336479    0.222896
 0.313768    0.214690
 0.291409    0.206011
 0.269440    0.196934
 0.247903    0.187531
 0.226844    0.177868
 0.206308    0.168010
 0.186348    0.158016
 0.167017    0.147938
 0.148373    0.137824
 0.130475    0.127715
 0.113388    0.117645
 0.097179    0.107639
 0.081920    0.097715
 0.067685    0.087883
 0.054553    0.078143
 0.042607    0.068485
 0.031933    0.058887
 0.022623    0.049320
 0.014770    0.039740
 0.008476    0.030092
 0.003843    0.020309
 0.000980    0.010310
 0.000000    0.000000
 0.000980    -0.018966
 0.003843    -0.035923
 0.008476    -0.050958
 0.014770    -0.064158
 0.022623    -0.075607
 0.031933    -0.085390
 0.042607    -0.093589
 0.054553    -0.100285
 0.067685    -0.105560
 0.081920    -0.109491
 0.097179    -0.112158
 0.113388    -0.113639
 0.130475    -0.114008
 0.148373    -0.113343
 0.167017    -0.111718
 0.186348    -0.109208
 0.206308    -0.105885
 0.226844    -0.101822
 0.247903    -0.097092
 0.269440    -0.091766
 0.291409    -0.085916
 0.313768    -0.079611
 0.336479    -0.072922
 0.359505    -0.065919
 0.382813    -0.058672
 0.406370    -0.051249
 0.430149    -0.043719
 0.454123    -0.036152
 0.478267    -0.028615
 0.502560    -0.021178
 0.526981    -0.013908
 0.551512    -0.006875
 0.576136    -0.000147
 0.600839    0.006208
 0.625608    0.012121
 0.650430    0.017522
 0.675297    0.022343
 0.700199    0.026514
 0.725129    0.029966
 0.750080    0.032627
 0.775047    0.034428
 0.800026    0.035298
 0.825013    0.035165
 0.850006    0.033956
 0.875003    0.031599
 0.900001    0.028021
 0.925000    0.023147
 0.950000    0.016903
 0.975000    0.009213
 1.000000    -0.000000
