002745
 1.000000    -0.000000
 0.975000    0.029193
 0.950000    0.056748
 0.925000    0.082634
 0.900001    0.106828
 0.875003    0.129315
 0.850006    0.150087
 0.825013    0.169142
 0.800026    0.186488
 0.775047    0.202135
 0.750080    0.216102
 0.725129    0.228413
 0.700199    0.239096
 0.675297    0.248186
 0.650430    0.255722
 0.625608    0.261746
 0.600839    0.266307
 0.576136    0.269456
 0.551512    0.271246
 0.526981    0.271737
 0.502560    0.270989
 0.478267    0.269064
 0.454123    0.266029
 0.430149    0.261950
 0.406370    0.256896
 0.382813    0.250938
 0.359505    0.244145
 0.336479    0.236590
 0.313768    0.228344
 0.291409    0.219479
 0.269440    0.210067
 0.247903    0.200178
 0.226844    0.189882
 0.206308    0.179247
 0.186348    0.168339
 0.167017    0.157225
 0.148373    0.145966
 0.130475    0.134621
 0.113388    0.123250
 0.097179    0.111903
 0.081920    0.100634
 0.067685    0.089486
 0.054553    0.078504
 0.042607    0.067723
 0.031933    0.057178
 0.022623    0.046896
 0.014770    0.036899
 0.008476    0.027204
 0.003843    0.017821
 0.000980    0.008754
 0.000000    0.000000
 0.000980    -0.019163
 0.003843    -0.036662
 0.008476    -0.052520
 0.014770    -0.066761
 0.022623    -0.079416
 0.031933    -0.090517
 0.042607    -0.100103
 0.054553    -0.108213
 0.067685    -0.114894
 0.081920    -0.120192
 0.097179    -0.124159
 0.113388    -0.126850
 0.130475    -0.128321
 0.148373    -0.128633
 0.167017    -0.127848
 0.186348    -0.126031
 0.206308    -0.123250
 0.226844    -0.119574
 0.247903    -0.115074
 0.269440    -0.109824
 0.291409    -0.103899
 0.313768    -0.097376
 0.336479    -0.090332
 0.359505    -0.082846
 0.382813    -0.075000
 0.406370    -0.066874
 0.430149    -0.058549
 0.454123    -0.050109
 0.478267    -0.041637
 0.502560    -0.033216
 0.526981    -0.024929
 0.551512    -0.016860
 0.576136    -0.009092
 0.600839    -0.001709
 0.625608    0.005208
 0.650430    0.011576
 0.675297    0.017314
 0.700199    0.022342
 0.725129    0.026581
 0.750080    0.029952
 0.775047    0.032379
 0.800026    0.033788
 0.825013    0.034104
 0.850006    0.033257
 0.875003    0.031176
 0.900001    0.027795
 0.925000    0.023048
 0.950000    0.016872
 0.975000    0.009209
 1.000000    -0.000000
