002780
 1.000000    -0.000000
 0.975000    0.029122
 0.950000    0.056479
 0.925000    0.082067
 0.900001    0.105885
 0.875003    0.127938
 0.850006    0.148239
 0.825013    0.166805
 0.800026    0.183657
 0.775047    0.198823
 0.750080    0.212333
 0.725129    0.224223
 0.700199    0.234531
 0.675297    0.243303
 0.650430    0.250582
 0.625608    0.256419
 0.600839    0.260867
 0.576136    0.263979
 0.551512    0.265813
 0.526981    0.266427
 0.502560    0.265882
 0.478267    0.264239
 0.454123    0.261563
 0.430149    0.257916
 0.406370    0.253363
 0.382813    0.247969
 0.359505    0.241797
 0.336479    0.234913
 0.313768    0.227379
 0.291409    0.219259
 0.269440    0.210614
 0.247903    0.201505
 0.226844    0.191989
 0.206308    0.182122
 0.186348    0.171960
 0.167017    0.161554
 0.148373    0.150952
 0.130475    0.140200
 0.113388    0.129339
 0.097179    0.118409
 0.081920    0.107443
 0.067685    0.096472
 0.054553    0.085522
 0.042607    0.074613
 0.031933    0.063761
 0.022623    0.052975
 0.014770    0.042262
 0.008476    0.031618
 0.003843    0.021037
 0.000980    0.010505
 0.000000    0.000000
 0.000980    -0.019164
 0.003843    -0.036673
 0.008476    -0.052556
 0.014770    -0.066844
 0.022623    -0.079570
 0.031933    -0.090772
 0.042607    -0.100488
 0.054553    -0.108762
 0.067685    -0.115639
 0.081920    -0.121165
 0.097179    -0.125390
 0.113388    -0.128367
 0.130475    -0.130150
 0.148373    -0.130795
 0.167017    -0.130362
 0.186348    -0.128910
 0.206308    -0.126503
 0.226844    -0.123205
 0.247903    -0.119081
 0.269440    -0.114202
 0.291409    -0.108635
 0.313768    -0.102451
 0.336479    -0.095725
 0.359505    -0.088528
 0.382813    -0.080937
 0.406370    -0.073029
 0.430149    -0.064880
 0.454123    -0.056569
 0.478267    -0.048177
 0.502560    -0.039782
 0.526981    -0.031468
 0.551512    -0.023315
 0.576136    -0.015407
 0.600839    -0.007826
 0.625608    -0.000657
 0.650430    0.006016
 0.675297    0.012109
 0.700199    0.017538
 0.725129    0.022217
 0.750080    0.026061
 0.775047    0.028985
 0.800026    0.030905
 0.825013    0.031736
 0.850006    0.031392
 0.875003    0.029791
 0.900001    0.026848
 0.925000    0.022480
 0.950000    0.016603
 0.975000    0.009137
 1.000000    -0.000000
