002843
 1.000000    -0.000000
 0.975000    0.029156
 0.950000    0.056602
 0.925000    0.082314
 0.900001    0.106274
 0.875003    0.128473
 0.850006    0.148909
 0.825013    0.167588
 0.800026    0.184524
 0.775047    0.199734
 0.750080    0.213245
 0.725129    0.225087
 0.700199    0.235297
 0.675297    0.243916
 0.650430    0.250990
 0.625608    0.256569
 0.600839    0.260708
 0.576136    0.263464
 0.551512    0.264898
 0.526981    0.265074
 0.502560    0.264058
 0.478267    0.261916
 0.454123    0.258720
 0.430149    0.254540
 0.406370    0.249448
 0.382813    0.243516
 0.359505    0.236816
 0.336479    0.229421
 0.313768    0.221402
 0.291409    0.212830
 0.269440    0.203774
 0.247903    0.194303
 0.226844    0.184480
 0.206308    0.174370
 0.186348    0.164032
 0.167017    0.153524
 0.148373    0.142899
 0.130475    0.132206
 0.113388    0.121490
 0.097179    0.110792
 0.081920    0.100147
 0.067685    0.089585
 0.054553    0.079130
 0.042607    0.068800
 0.031933    0.058605
 0.022623    0.048551
 0.014770    0.038634
 0.008476    0.028843
 0.003843    0.019160
 0.000980    0.009558
 0.000000    0.000000
 0.000980    -0.019092
 0.003843    -0.036399
 0.008476    -0.051970
 0.014770    -0.065856
 0.022623    -0.078108
 0.031933    -0.088780
 0.042607    -0.097927
 0.054553    -0.105605
 0.067685    -0.111872
 0.081920    -0.116787
 0.097179    -0.120411
 0.113388    -0.122804
 0.130475    -0.124031
 0.148373    -0.124154
 0.167017    -0.123240
 0.186348    -0.121353
 0.206308    -0.118562
 0.226844    -0.114934
 0.247903    -0.110539
 0.269440    -0.105446
 0.291409    -0.099727
 0.313768    -0.093454
 0.336479    -0.086697
 0.359505    -0.079532
 0.382813    -0.072031
 0.406370    -0.064269
 0.430149    -0.056322
 0.454123    -0.048264
 0.478267    -0.040172
 0.502560    -0.032122
 0.526981    -0.024191
 0.551512    -0.016457
 0.576136    -0.008997
 0.600839    -0.001889
 0.625608    0.004789
 0.650430    0.010958
 0.675297    0.016540
 0.700199    0.021457
 0.725129    0.025630
 0.750080    0.028979
 0.775047    0.031427
 0.800026    0.032896
 0.825013    0.033305
 0.850006    0.032579
 0.875003    0.030637
 0.900001    0.027404
 0.925000    0.022800
 0.950000    0.016749
 0.975000    0.009175
 1.000000    -0.000000
