002824
 1.000000    -0.000000
 0.975000    0.029157
 0.950000    0.056614
 0.925000    0.082350
 0.900001    0.106354
 0.875003    0.128622
 0.850006    0.149154
 0.825013    0.167958
 0.800026    0.185047
 0.775047    0.200438
 0.750080    0.214157
 0.725129    0.226231
 0.700199    0.236694
 0.675297    0.245584
 0.650430    0.252942
 0.625608    0.258813
 0.600839    0.263248
 0.576136    0.266298
 0.551512    0.268019
 0.526981    0.268468
 0.502560    0.267706
 0.478267    0.265795
 0.454123    0.262799
 0.430149    0.258785
 0.406370    0.253819
 0.382813    0.247969
 0.359505    0.241304
 0.336479    0.233893
 0.313768    0.225806
 0.291409    0.217112
 0.269440    0.207878
 0.247903    0.198174
 0.226844    0.188066
 0.206308    0.177620
 0.186348    0.166900
 0.167017    0.155968
 0.148373    0.144885
 0.130475    0.133707
 0.113388    0.122491
 0.097179    0.111288
 0.081920    0.100147
 0.067685    0.089114
 0.054553    0.078229
 0.042607    0.067531
 0.031933    0.057051
 0.022623    0.046819
 0.014770    0.036858
 0.008476    0.027186
 0.003843    0.017815
 0.000980    0.008753
 0.000000    0.000000
 0.000980    -0.019163
 0.003843    -0.036668
 0.008476    -0.052538
 0.014770    -0.066803
 0.022623    -0.079493
 0.031933    -0.090644
 0.042607    -0.100295
 0.054553    -0.108488
 0.067685    -0.115266
 0.081920    -0.120678
 0.097179    -0.124775
 0.113388    -0.127609
 0.130475    -0.129236
 0.148373    -0.129714
 0.167017    -0.129105
 0.186348    -0.127471
 0.206308    -0.124876
 0.226844    -0.121389
 0.247903    -0.117078
 0.269440    -0.112013
 0.291409    -0.106267
 0.313768    -0.099914
 0.336479    -0.093028
 0.359505    -0.085687
 0.382813    -0.077969
 0.406370    -0.069951
 0.430149    -0.061715
 0.454123    -0.053339
 0.478267    -0.044907
 0.502560    -0.036499
 0.526981    -0.028199
 0.551512    -0.020088
 0.576136    -0.012250
 0.600839    -0.004768
 0.625608    0.002275
 0.650430    0.008796
 0.675297    0.014712
 0.700199    0.019940
 0.725129    0.024399
 0.750080    0.028006
 0.775047    0.030682
 0.800026    0.032346
 0.825013    0.032920
 0.850006    0.032324
 0.875003    0.030483
 0.900001    0.027321
 0.925000    0.022764
 0.950000    0.016738
 0.975000    0.009173
 1.000000    -0.000000
