002840
 1.000000    -0.000000
 0.975000    0.029120
 0.950000    0.056468
 0.925000    0.082030
 0.900001    0.105801
 0.875003    0.127781
 0.850006    0.147979
 0.825013    0.166408
 0.800026    0.183089
 0.775047    0.198047
 0.750080    0.211314
 0.725129    0.222927
 0.700199    0.232925
 0.675297    0.241353
 0.650430    0.248262
 0.625608    0.253704
 0.600839    0.257734
 0.576136    0.260412
 0.551512    0.261799
 0.526981    0.261958
 0.502560    0.260957
 0.478267    0.258861
 0.454123    0.255740
 0.430149    0.251662
 0.406370    0.246698
 0.382813    0.240918
 0.359505    0.234392
 0.336479    0.227189
 0.313768    0.219378
 0.291409    0.211027
 0.269440    0.202201
 0.247903    0.192966
 0.226844    0.183382
 0.206308    0.173510
 0.186348    0.163405
 0.167017    0.153123
 0.148373    0.142711
 0.130475    0.132217
 0.113388    0.121682
 0.097179    0.111144
 0.081920    0.100634
 0.067685    0.090179
 0.054553    0.079801
 0.042607    0.069516
 0.031933    0.059332
 0.022623    0.049253
 0.014770    0.039273
 0.008476    0.029381
 0.003843    0.019558
 0.000980    0.009776
 0.000000    0.000000
 0.000980    -0.019090
 0.003843    -0.036382
 0.008476    -0.051916
 0.014770    -0.065732
 0.022623    -0.077877
 0.031933    -0.088399
 0.042607    -0.097348
 0.054553    -0.104781
 0.067685    -0.110754
 0.081920    -0.115328
 0.097179    -0.118564
 0.113388    -0.120529
 0.130475    -0.121288
 0.148373    -0.120911
 0.167017    -0.119469
 0.186348    -0.117035
 0.206308    -0.113682
 0.226844    -0.109488
 0.247903    -0.104527
 0.269440    -0.098880
 0.291409    -0.092624
 0.313768    -0.085840
 0.336479    -0.078608
 0.359505    -0.071009
 0.382813    -0.063125
 0.406370    -0.055037
 0.430149    -0.046826
 0.454123    -0.038574
 0.478267    -0.030362
 0.502560    -0.022272
 0.526981    -0.014383
 0.551512    -0.006774
 0.576136    0.000475
 0.600839    0.007288
 0.625608    0.013587
 0.650430    0.019298
 0.675297    0.024348
 0.700199    0.028663
 0.725129    0.032176
 0.750080    0.034816
 0.775047    0.036519
 0.800026    0.037220
 0.825013    0.036858
 0.850006    0.035375
 0.875003    0.032715
 0.900001    0.028824
 0.925000    0.023652
 0.950000    0.017153
 0.975000    0.009282
 1.000000    -0.000000
