002841
 1.000000    -0.000000
 0.975000    0.029157
 0.950000    0.056614
 0.925000    0.082350
 0.900001    0.106355
 0.875003    0.128623
 0.850006    0.149156
 0.825013    0.167962
 0.800026    0.185053
 0.775047    0.200448
 0.750080    0.214172
 0.725129    0.226253
 0.700199    0.236724
 0.675297    0.245624
 0.650430    0.252994
 0.625608    0.258881
 0.600839    0.263333
 0.576136    0.266403
 0.551512    0.268146
 0.526981    0.268621
 0.502560    0.267888
 0.478267    0.266009
 0.454123    0.263048
 0.430149    0.259072
 0.406370    0.254146
 0.382813    0.248340
 0.359505    0.241721
 0.336479    0.234358
 0.313768    0.226320
 0.291409    0.217676
 0.269440    0.208494
 0.247903    0.198841
 0.226844    0.188783
 0.206308    0.178386
 0.186348    0.167712
 0.167017    0.156823
 0.148373    0.145778
 0.130475    0.134633
 0.113388    0.123442
 0.097179    0.112255
 0.081920    0.101120
 0.067685    0.090080
 0.054553    0.079175
 0.042607    0.068440
 0.031933    0.057906
 0.022623    0.047598
 0.014770    0.037539
 0.008476    0.027742
 0.003843    0.018219
 0.000980    0.008972
 0.000000    0.000000
 0.000980    -0.019163
 0.003843    -0.036668
 0.008476    -0.052538
 0.014770    -0.066803
 0.022623    -0.079493
 0.031933    -0.090644
 0.042607    -0.100295
 0.054553    -0.108488
 0.067685    -0.115266
 0.081920    -0.120678
 0.097179    -0.124775
 0.113388    -0.127609
 0.130475    -0.129236
 0.148373    -0.129714
 0.167017    -0.129105
 0.186348    -0.127471
 0.206308    -0.124876
 0.226844    -0.121389
 0.247903    -0.117078
 0.269440    -0.112013
 0.291409    -0.106267
 0.313768    -0.099914
 0.336479    -0.093028
 0.359505    -0.085687
 0.382813    -0.077969
 0.406370    -0.069951
 0.430149    -0.061715
 0.454123    -0.053339
 0.478267    -0.044907
 0.502560    -0.036499
 0.526981    -0.028199
 0.551512    -0.020088
 0.576136    -0.012250
 0.600839    -0.004768
 0.625608    0.002275
 0.650430    0.008796
 0.675297    0.014712
 0.700199    0.019940
 0.725129    0.024399
 0.750080    0.028006
 0.775047    0.030682
 0.800026    0.032346
 0.825013    0.032920
 0.850006    0.032324
 0.875003    0.030483
 0.900001    0.027321
 0.925000    0.022764
 0.950000    0.016738
 0.975000    0.009173
 1.000000    -0.000000
