002892
 1.000000    -0.000000
 0.975000    0.029119
 0.950000    0.056456
 0.925000    0.081990
 0.900001    0.105706
 0.875003    0.127596
 0.850006    0.147662
 0.825013    0.165908
 0.800026    0.182350
 0.775047    0.197006
 0.750080    0.209901
 0.725129    0.221066
 0.700199    0.230539
 0.675297    0.238360
 0.650430    0.244576
 0.625608    0.249237
 0.600839    0.252400
 0.576136    0.254121
 0.551512    0.254466
 0.526981    0.253499
 0.502560    0.251290
 0.478267    0.247910
 0.454123    0.243436
 0.430149    0.237943
 0.406370    0.231510
 0.382813    0.224219
 0.359505    0.216150
 0.336479    0.207388
 0.313768    0.198016
 0.291409    0.188119
 0.269440    0.177782
 0.247903    0.167090
 0.226844    0.156127
 0.206308    0.144978
 0.186348    0.133726
 0.167017    0.122452
 0.148373    0.111238
 0.130475    0.100163
 0.113388    0.089304
 0.097179    0.078736
 0.081920    0.068531
 0.067685    0.058759
 0.054553    0.049486
 0.042607    0.040775
 0.031933    0.032686
 0.022623    0.025273
 0.014770    0.018590
 0.008476    0.012681
 0.003843    0.007589
 0.000980    0.003352
 0.000000    0.000000
 0.000980    -0.019018
 0.003843    -0.036113
 0.008476    -0.051348
 0.014770    -0.064785
 0.022623    -0.076492
 0.031933    -0.086534
 0.042607    -0.094980
 0.054553    -0.101898
 0.067685    -0.107360
 0.081920    -0.111437
 0.097179    -0.114201
 0.113388    -0.115725
 0.130475    -0.116083
 0.148373    -0.115351
 0.167017    -0.113604
 0.186348    -0.110917
 0.206308    -0.107368
 0.226844    -0.103033
 0.247903    -0.097989
 0.269440    -0.092314
 0.291409    -0.086085
 0.313768    -0.079380
 0.336479    -0.072278
 0.359505    -0.064854
 0.382813    -0.057187
 0.406370    -0.049355
 0.430149    -0.041433
 0.454123    -0.033498
 0.478267    -0.025627
 0.502560    -0.017894
 0.526981    -0.010375
 0.551512    -0.003143
 0.576136    0.003728
 0.600839    0.010167
 0.625608    0.016101
 0.650430    0.021460
 0.675297    0.026176
 0.700199    0.030180
 0.725129    0.033406
 0.750080    0.035789
 0.775047    0.037264
 0.800026    0.037769
 0.825013    0.037244
 0.850006    0.035630
 0.875003    0.032869
 0.900001    0.028906
 0.925000    0.023688
 0.950000    0.017164
 0.975000    0.009283
 1.000000    -0.000000
