002952
 1.000000    -0.000000
 0.975000    0.029120
 0.950000    0.056467
 0.925000    0.082025
 0.900001    0.105786
 0.875003    0.127746
 0.850006    0.147907
 0.825013    0.166278
 0.800026    0.182873
 0.775047    0.197710
 0.750080    0.210813
 0.725129    0.222211
 0.700199    0.231936
 0.675297    0.240028
 0.650430    0.246528
 0.625608    0.251482
 0.600839    0.254940
 0.576136    0.256955
 0.551512    0.257586
 0.526981    0.256892
 0.502560    0.254938
 0.478267    0.251789
 0.454123    0.247514
 0.430149    0.242187
 0.406370    0.235881
 0.382813    0.228672
 0.359505    0.220639
 0.336479    0.211861
 0.313768    0.202421
 0.291409    0.192401
 0.269440    0.181886
 0.247903    0.170962
 0.226844    0.159713
 0.206308    0.148228
 0.186348    0.136593
 0.167017    0.124896
 0.148373    0.113224
 0.130475    0.101665
 0.113388    0.090305
 0.097179    0.079232
 0.081920    0.068531
 0.067685    0.058287
 0.054553    0.048585
 0.042607    0.039506
 0.031933    0.031132
 0.022623    0.023542
 0.014770    0.016814
 0.008476    0.011024
 0.003843    0.006245
 0.000980    0.002547
 0.000000    0.000000
 0.000980    -0.019090
 0.003843    -0.036382
 0.008476    -0.051916
 0.014770    -0.065732
 0.022623    -0.077877
 0.031933    -0.088399
 0.042607    -0.097348
 0.054553    -0.104781
 0.067685    -0.110754
 0.081920    -0.115328
 0.097179    -0.118564
 0.113388    -0.120529
 0.130475    -0.121288
 0.148373    -0.120911
 0.167017    -0.119469
 0.186348    -0.117035
 0.206308    -0.113682
 0.226844    -0.109488
 0.247903    -0.104527
 0.269440    -0.098880
 0.291409    -0.092624
 0.313768    -0.085840
 0.336479    -0.078608
 0.359505    -0.071009
 0.382813    -0.063125
 0.406370    -0.055037
 0.430149    -0.046826
 0.454123    -0.038574
 0.478267    -0.030362
 0.502560    -0.022272
 0.526981    -0.014383
 0.551512    -0.006774
 0.576136    0.000475
 0.600839    0.007288
 0.625608    0.013587
 0.650430    0.019298
 0.675297    0.024348
 0.700199    0.028663
 0.725129    0.032176
 0.750080    0.034816
 0.775047    0.036519
 0.800026    0.037220
 0.825013    0.036858
 0.850006    0.035375
 0.875003    0.032715
 0.900001    0.028824
 0.925000    0.023652
 0.950000    0.017153
 0.975000    0.009282
 1.000000    -0.000000
