003191
 1.000000    -0.000000
 0.975000    0.029201
 0.950000    0.056805
 0.925000    0.082822
 0.900001    0.107261
 0.875003    0.130135
 0.850006    0.151462
 0.825013    0.171259
 0.800026    0.189547
 0.775047    0.206351
 0.750080    0.221696
 0.725129    0.235609
 0.700199    0.248119
 0.675297    0.259257
 0.650430    0.269055
 0.625608    0.277546
 0.600839    0.284766
 0.576136    0.290748
 0.551512    0.295528
 0.526981    0.299144
 0.502560    0.301632
 0.478267    0.303029
 0.454123    0.303371
 0.430149    0.302696
 0.406370    0.301039
 0.382813    0.298438
 0.359505    0.294926
 0.336479    0.290538
 0.313768    0.285308
 0.291409    0.279268
 0.269440    0.272448
 0.247903    0.264877
 0.226844    0.256584
 0.206308    0.247592
 0.186348    0.237927
 0.167017    0.227608
 0.148373    0.216656
 0.130475    0.205085
 0.113388    0.192910
 0.097179    0.180140
 0.081920    0.166784
 0.067685    0.152845
 0.054553    0.138324
 0.042607    0.123218
 0.031933    0.107520
 0.022623    0.091220
 0.014770    0.074301
 0.008476    0.056746
 0.003843    0.038531
 0.000980    0.019627
 0.000000    0.000000
 0.000980    -0.018662
 0.003843    -0.034780
 0.008476    -0.048543
 0.014770    -0.060133
 0.022623    -0.069720
 0.031933    -0.077466
 0.042607    -0.083522
 0.054553    -0.088033
 0.067685    -0.091134
 0.081920    -0.092954
 0.097179    -0.093611
 0.113388    -0.093221
 0.130475    -0.091888
 0.148373    -0.089714
 0.167017    -0.086791
 0.186348    -0.083208
 0.206308    -0.079048
 0.226844    -0.074388
 0.247903    -0.069302
 0.269440    -0.063859
 0.291409    -0.058123
 0.313768    -0.052157
 0.336479    -0.046017
 0.359505    -0.039760
 0.382813    -0.033437
 0.406370    -0.027101
 0.430149    -0.020800
 0.454123    -0.014580
 0.478267    -0.008489
 0.502560    -0.002573
 0.526981    0.003124
 0.551512    0.008557
 0.576136    0.013678
 0.600839    0.018443
 0.625608    0.022804
 0.650430    0.026711
 0.675297    0.030115
 0.700199    0.032962
 0.725129    0.035197
 0.750080    0.036762
 0.775047    0.037595
 0.800026    0.037632
 0.825013    0.036803
 0.850006    0.035036
 0.875003    0.032253
 0.900001    0.028371
 0.925000    0.023301
 0.950000    0.016951
 0.975000    0.009219
 1.000000    -0.000000
