003131
 1.000000    -0.000000
 0.975000    0.028825
 0.950000    0.055324
 0.925000    0.079536
 0.900001    0.101506
 0.875003    0.121286
 0.850006    0.138932
 0.825013    0.154506
 0.800026    0.168073
 0.775047    0.179703
 0.750080    0.189472
 0.725129    0.197456
 0.700199    0.203737
 0.675297    0.208398
 0.650430    0.211525
 0.625608    0.213208
 0.600839    0.213535
 0.576136    0.212598
 0.551512    0.210491
 0.526981    0.207306
 0.502560    0.203136
 0.478267    0.198076
 0.454123    0.192218
 0.430149    0.185656
 0.406370    0.178480
 0.382813    0.170781
 0.359505    0.162647
 0.336479    0.154164
 0.313768    0.145415
 0.291409    0.136481
 0.269440    0.127440
 0.247903    0.118366
 0.226844    0.109328
 0.206308    0.100393
 0.186348    0.091622
 0.167017    0.083071
 0.148373    0.074790
 0.130475    0.066825
 0.113388    0.059215
 0.097179    0.051993
 0.081920    0.045184
 0.067685    0.038807
 0.054553    0.032875
 0.042607    0.027389
 0.031933    0.022346
 0.022623    0.017732
 0.014770    0.013526
 0.008476    0.009695
 0.003843    0.006200
 0.000980    0.002988
 0.000000    0.000000
 0.000980    -0.016762
 0.003843    -0.030980
 0.008476    -0.042848
 0.014770    -0.052548
 0.022623    -0.060255
 0.031933    -0.066137
 0.042607    -0.070353
 0.054553    -0.073052
 0.067685    -0.074379
 0.081920    -0.074470
 0.097179    -0.073455
 0.113388    -0.071455
 0.130475    -0.068586
 0.148373    -0.064959
 0.167017    -0.060676
 0.186348    -0.055836
 0.206308    -0.050531
 0.226844    -0.044848
 0.247903    -0.038868
 0.269440    -0.032669
 0.291409    -0.026323
 0.313768    -0.019899
 0.336479    -0.013461
 0.359505    -0.007070
 0.382813    -0.000781
 0.406370    0.005350
 0.430149    0.011275
 0.454123    0.016945
 0.478267    0.022314
 0.502560    0.027341
 0.526981    0.031984
 0.551512    0.036205
 0.576136    0.039966
 0.600839    0.043231
 0.625608    0.045966
 0.650430    0.048136
 0.675297    0.049708
 0.700199    0.050648
 0.725129    0.050924
 0.750080    0.050502
 0.775047    0.049350
 0.800026    0.047431
 0.825013    0.044712
 0.850006    0.041156
 0.875003    0.036725
 0.900001    0.031380
 0.925000    0.025080
 0.950000    0.017780
 0.975000    0.009437
 1.000000    -0.000000
