003122
 1.000000    -0.000000
 0.975000    0.013136
 0.950000    0.026635
 0.925000    0.040342
 0.900001    0.054111
 0.875003    0.067806
 0.850006    0.081302
 0.825013    0.094482
 0.800026    0.107240
 0.775047    0.119477
 0.750080    0.131104
 0.725129    0.142042
 0.700199    0.152219
 0.675297    0.161572
 0.650430    0.170047
 0.625608    0.177597
 0.600839    0.184184
 0.576136    0.189777
 0.551512    0.194353
 0.526981    0.197897
 0.502560    0.200400
 0.478267    0.201861
 0.454123    0.202286
 0.430149    0.201687
 0.406370    0.200083
 0.382813    0.197500
 0.359505    0.193970
 0.336479    0.189529
 0.313768    0.184223
 0.291409    0.178100
 0.269440    0.171216
 0.247903    0.163630
 0.226844    0.155409
 0.206308    0.146622
 0.186348    0.137345
 0.167017    0.127659
 0.148373    0.117648
 0.130475    0.107400
 0.113388    0.097010
 0.097179    0.086573
 0.081920    0.076192
 0.067685    0.065970
 0.054553    0.056016
 0.042607    0.046442
 0.031933    0.037360
 0.022623    0.028890
 0.014770    0.021151
 0.008476    0.014266
 0.003843    0.008361
 0.000980    0.003562
 0.000000    0.000000
 0.000980    -0.012075
 0.003843    -0.023440
 0.008476    -0.034016
 0.014770    -0.043739
 0.022623    -0.052560
 0.031933    -0.060446
 0.042607    -0.067373
 0.054553    -0.073334
 0.067685    -0.078330
 0.081920    -0.082374
 0.097179    -0.085490
 0.113388    -0.087707
 0.130475    -0.089066
 0.148373    -0.089614
 0.167017    -0.089404
 0.186348    -0.088495
 0.206308    -0.086949
 0.226844    -0.084834
 0.247903    -0.082221
 0.269440    -0.079181
 0.291409    -0.075788
 0.313768    -0.072116
 0.336479    -0.068239
 0.359505    -0.064229
 0.382813    -0.060156
 0.406370    -0.056088
 0.430149    -0.052089
 0.454123    -0.048216
 0.478267    -0.044524
 0.502560    -0.041059
 0.526981    -0.037862
 0.551512    -0.034964
 0.576136    -0.032389
 0.600839    -0.030149
 0.625608    -0.028248
 0.650430    -0.026676
 0.675297    -0.025414
 0.700199    -0.024425
 0.725129    -0.023663
 0.750080    -0.023066
 0.775047    -0.022553
 0.800026    -0.022031
 0.825013    -0.021387
 0.850006    -0.020490
 0.875003    -0.019192
 0.900001    -0.017322
 0.925000    -0.014691
 0.950000    -0.011087
 0.975000    -0.006276
 1.000000    0.000000
