003118
 1.000000    -0.000000
 0.975000    0.003746
 0.950000    0.007189
 0.925000    0.010340
 0.900001    0.013208
 0.875003    0.015804
 0.850006    0.018137
 0.825013    0.020218
 0.800026    0.022057
 0.775047    0.023664
 0.750080    0.025050
 0.725129    0.026224
 0.700199    0.027198
 0.675297    0.027981
 0.650430    0.028583
 0.625608    0.029015
 0.600839    0.029286
 0.576136    0.029407
 0.551512    0.029387
 0.526981    0.029236
 0.502560    0.028963
 0.478267    0.028578
 0.454123    0.028090
 0.430149    0.027507
 0.406370    0.026839
 0.382813    0.026094
 0.359505    0.025279
 0.336479    0.024404
 0.313768    0.023475
 0.291409    0.022499
 0.269440    0.021485
 0.247903    0.020438
 0.226844    0.019364
 0.206308    0.018270
 0.186348    0.017160
 0.167017    0.016041
 0.148373    0.014916
 0.130475    0.013790
 0.113388    0.012666
 0.097179    0.011548
 0.081920    0.010438
 0.067685    0.009339
 0.054553    0.008252
 0.042607    0.007178
 0.031933    0.006118
 0.022623    0.005072
 0.014770    0.004039
 0.008476    0.003017
 0.003843    0.002005
 0.000980    0.001001
 0.000000    0.000000
 0.000980    -0.002673
 0.003843    -0.004915
 0.008476    -0.006757
 0.014770    -0.008231
 0.022623    -0.009368
 0.031933    -0.010198
 0.042607    -0.010750
 0.054553    -0.011054
 0.067685    -0.011137
 0.081920    -0.011027
 0.097179    -0.010751
 0.113388    -0.010332
 0.130475    -0.009798
 0.148373    -0.009169
 0.167017    -0.008469
 0.186348    -0.007719
 0.206308    -0.006939
 0.226844    -0.006148
 0.247903    -0.005362
 0.269440    -0.004598
 0.291409    -0.003871
 0.313768    -0.003193
 0.336479    -0.002576
 0.359505    -0.002029
 0.382813    -0.001562
 0.406370    -0.001181
 0.430149    -0.000891
 0.454123    -0.000694
 0.478267    -0.000593
 0.502560    -0.000586
 0.526981    -0.000670
 0.551512    -0.000841
 0.576136    -0.001093
 0.600839    -0.001416
 0.625608    -0.001800
 0.650430    -0.002230
 0.675297    -0.002692
 0.700199    -0.003168
 0.725129    -0.003637
 0.750080    -0.004077
 0.775047    -0.004462
 0.800026    -0.004765
 0.825013    -0.004954
 0.850006    -0.004998
 0.875003    -0.004861
 0.900001    -0.004503
 0.925000    -0.003884
 0.950000    -0.002959
 0.975000    -0.001681
 1.000000    0.000000
