003176
 1.000000    -0.000000
 0.975000    0.028984
 0.950000    0.055987
 0.925000    0.081081
 0.900001    0.104338
 0.875003    0.125826
 0.850006    0.145614
 0.825013    0.163767
 0.800026    0.180350
 0.775047    0.195424
 0.750080    0.209050
 0.725129    0.221286
 0.700199    0.232189
 0.675297    0.241814
 0.650430    0.250213
 0.625608    0.257437
 0.600839    0.263534
 0.576136    0.268551
 0.551512    0.272532
 0.526981    0.275520
 0.502560    0.277555
 0.478267    0.278675
 0.454123    0.278916
 0.430149    0.278311
 0.406370    0.276892
 0.382813    0.274688
 0.359505    0.271725
 0.336479    0.268029
 0.313768    0.263622
 0.291409    0.258522
 0.269440    0.252749
 0.247903    0.246316
 0.226844    0.239236
 0.206308    0.231519
 0.186348    0.223173
 0.167017    0.214202
 0.148373    0.204609
 0.130475    0.194394
 0.113388    0.183554
 0.097179    0.172084
 0.081920    0.159974
 0.067685    0.147216
 0.054553    0.133794
 0.042607    0.119693
 0.031933    0.104893
 0.022623    0.089373
 0.014770    0.073107
 0.008476    0.056070
 0.003843    0.038228
 0.000980    0.019551
 0.000000    0.000000
 0.000980    -0.018595
 0.003843    -0.034544
 0.008476    -0.048084
 0.014770    -0.059433
 0.022623    -0.068797
 0.031933    -0.076364
 0.042607    -0.082310
 0.054553    -0.086797
 0.067685    -0.089975
 0.081920    -0.091981
 0.097179    -0.092940
 0.113388    -0.092968
 0.130475    -0.092170
 0.148373    -0.090640
 0.167017    -0.088467
 0.186348    -0.085727
 0.206308    -0.082492
 0.226844    -0.078826
 0.247903    -0.074787
 0.269440    -0.070426
 0.291409    -0.065790
 0.313768    -0.060924
 0.336479    -0.055865
 0.359505    -0.050650
 0.382813    -0.045312
 0.406370    -0.039885
 0.430149    -0.034399
 0.454123    -0.028884
 0.478267    -0.023372
 0.502560    -0.017894
 0.526981    -0.012484
 0.551512    -0.007178
 0.576136    -0.002012
 0.600839    0.002969
 0.625608    0.007722
 0.650430    0.012194
 0.675297    0.016329
 0.700199    0.020066
 0.725129    0.023336
 0.750080    0.026061
 0.775047    0.028157
 0.800026    0.029532
 0.825013    0.030083
 0.850006    0.029697
 0.875003    0.028252
 0.900001    0.025613
 0.925000    0.021633
 0.950000    0.016155
 0.975000    0.009006
 1.000000    -0.000000
