003162
 1.000000    -0.000000
 0.975000    0.016010
 0.950000    0.030772
 0.925000    0.044466
 0.900001    0.057251
 0.875003    0.069268
 0.850006    0.080639
 0.825013    0.091468
 0.800026    0.101842
 0.775047    0.111833
 0.750080    0.121498
 0.725129    0.130878
 0.700199    0.140004
 0.675297    0.148892
 0.650430    0.157548
 0.625608    0.165966
 0.600839    0.174132
 0.576136    0.182021
 0.551512    0.189603
 0.526981    0.196839
 0.502560    0.203683
 0.478267    0.210087
 0.454123    0.215995
 0.430149    0.221350
 0.406370    0.226091
 0.382813    0.230156
 0.359505    0.233482
 0.336479    0.236007
 0.313768    0.237667
 0.291409    0.238403
 0.269440    0.238157
 0.247903    0.236875
 0.226844    0.234508
 0.206308    0.231012
 0.186348    0.226348
 0.167017    0.220486
 0.148373    0.213404
 0.130475    0.205087
 0.113388    0.195531
 0.097179    0.184744
 0.081920    0.172742
 0.067685    0.159558
 0.054553    0.145234
 0.042607    0.129829
 0.031933    0.113416
 0.022623    0.096084
 0.014770    0.077940
 0.008476    0.059108
 0.003843    0.039728
 0.000980    0.019965
 0.000000    0.000000
 0.000980    -0.006178
 0.003843    -0.011370
 0.008476    -0.015659
 0.014770    -0.019123
 0.022623    -0.021840
 0.031933    -0.023884
 0.042607    -0.025324
 0.054553    -0.026228
 0.067685    -0.026660
 0.081920    -0.026682
 0.097179    -0.026351
 0.113388    -0.025722
 0.130475    -0.024848
 0.148373    -0.023776
 0.167017    -0.022552
 0.186348    -0.021218
 0.206308    -0.019815
 0.226844    -0.018376
 0.247903    -0.016936
 0.269440    -0.015523
 0.291409    -0.014165
 0.313768    -0.012884
 0.336479    -0.011700
 0.359505    -0.010630
 0.382813    -0.009687
 0.406370    -0.008883
 0.430149    -0.008223
 0.454123    -0.007711
 0.478267    -0.007349
 0.502560    -0.007133
 0.526981    -0.007057
 0.551512    -0.007112
 0.576136    -0.007285
 0.600839    -0.007560
 0.625608    -0.007919
 0.650430    -0.008338
 0.675297    -0.008792
 0.700199    -0.009252
 0.725129    -0.009685
 0.750080    -0.010054
 0.775047    -0.010322
 0.800026    -0.010445
 0.825013    -0.010378
 0.850006    -0.010071
 0.875003    -0.009471
 0.900001    -0.008522
 0.925000    -0.007165
 0.950000    -0.005338
 0.975000    -0.002972
 1.000000    0.000000
