003114
 1.000000    -0.000000
 0.975000    0.014773
 0.950000    0.028527
 0.925000    0.041312
 0.900001    0.053173
 0.875003    0.064154
 0.850006    0.074294
 0.825013    0.083629
 0.800026    0.092193
 0.775047    0.100017
 0.750080    0.107130
 0.725129    0.113557
 0.700199    0.119322
 0.675297    0.124447
 0.650430    0.128952
 0.625608    0.132854
 0.600839    0.136172
 0.576136    0.138919
 0.551512    0.141110
 0.526981    0.142758
 0.502560    0.143875
 0.478267    0.144472
 0.454123    0.144561
 0.430149    0.144150
 0.406370    0.143252
 0.382813    0.141875
 0.359505    0.140030
 0.336479    0.137728
 0.313768    0.134979
 0.291409    0.131795
 0.269440    0.128189
 0.247903    0.124173
 0.226844    0.119761
 0.206308    0.114971
 0.186348    0.109817
 0.167017    0.104320
 0.148373    0.098498
 0.130475    0.092376
 0.113388    0.085976
 0.097179    0.079326
 0.081920    0.072454
 0.067685    0.065393
 0.054553    0.058176
 0.042607    0.050841
 0.031933    0.043428
 0.022623    0.035980
 0.014770    0.028545
 0.008476    0.021174
 0.003843    0.013919
 0.000980    0.006841
 0.000000    0.000000
 0.000980    -0.006180
 0.003843    -0.011381
 0.008476    -0.015692
 0.014770    -0.019196
 0.022623    -0.021971
 0.031933    -0.024090
 0.042607    -0.025623
 0.054553    -0.026634
 0.067685    -0.027181
 0.081920    -0.027322
 0.097179    -0.027107
 0.113388    -0.026584
 0.130475    -0.025797
 0.148373    -0.024787
 0.167017    -0.023591
 0.186348    -0.022243
 0.206308    -0.020774
 0.226844    -0.019212
 0.247903    -0.017582
 0.269440    -0.015907
 0.291409    -0.014208
 0.313768    -0.012502
 0.336479    -0.010806
 0.359505    -0.009135
 0.382813    -0.007500
 0.406370    -0.005913
 0.430149    -0.004384
 0.454123    -0.002921
 0.478267    -0.001531
 0.502560    -0.000221
 0.526981    0.001003
 0.551512    0.002137
 0.576136    0.003174
 0.600839    0.004111
 0.625608    0.004943
 0.650430    0.005666
 0.675297    0.006274
 0.700199    0.006762
 0.725129    0.007124
 0.750080    0.007354
 0.775047    0.007443
 0.800026    0.007383
 0.825013    0.007165
 0.850006    0.006775
 0.875003    0.006203
 0.900001    0.005432
 0.925000    0.004446
 0.950000    0.003227
 0.975000    0.001752
 1.000000    -0.000000
