003187
 1.000000    -0.000000
 0.975000    0.022434
 0.950000    0.043915
 0.925000    0.064415
 0.900001    0.083910
 0.875003    0.102381
 0.850006    0.119813
 0.825013    0.136195
 0.800026    0.151521
 0.775047    0.165788
 0.750080    0.178995
 0.725129    0.191146
 0.700199    0.202248
 0.675297    0.212308
 0.650430    0.221338
 0.625608    0.229353
 0.600839    0.236366
 0.576136    0.242396
 0.551512    0.247460
 0.526981    0.251579
 0.502560    0.254774
 0.478267    0.257067
 0.454123    0.258479
 0.430149    0.259032
 0.406370    0.258751
 0.382813    0.257656
 0.359505    0.255771
 0.336479    0.253115
 0.313768    0.249711
 0.291409    0.245576
 0.269440    0.240730
 0.247903    0.235188
 0.226844    0.228965
 0.206308    0.222073
 0.186348    0.214524
 0.167017    0.206324
 0.148373    0.197478
 0.130475    0.187989
 0.113388    0.177855
 0.097179    0.167071
 0.081920    0.155629
 0.067685    0.143516
 0.054553    0.130715
 0.042607    0.117207
 0.031933    0.102964
 0.022623    0.087956
 0.014770    0.072147
 0.008476    0.055497
 0.003843    0.037959
 0.000980    0.019479
 0.000000    0.000000
 0.000980    -0.018809
 0.003843    -0.035350
 0.008476    -0.049784
 0.014770    -0.062261
 0.022623    -0.072920
 0.031933    -0.081893
 0.042607    -0.089299
 0.054553    -0.095251
 0.067685    -0.099852
 0.081920    -0.103200
 0.097179    -0.105383
 0.113388    -0.106485
 0.130475    -0.106583
 0.148373    -0.105749
 0.167017    -0.104050
 0.186348    -0.101549
 0.206308    -0.098305
 0.226844    -0.094375
 0.247903    -0.089814
 0.269440    -0.084672
 0.291409    -0.079001
 0.313768    -0.072852
 0.336479    -0.066273
 0.359505    -0.059316
 0.382813    -0.052031
 0.406370    -0.044472
 0.430149    -0.036692
 0.454123    -0.028750
 0.478267    -0.020705
 0.502560    -0.012624
 0.526981    -0.004574
 0.551512    0.003371
 0.576136    0.011131
 0.600839    0.018622
 0.625608    0.025751
 0.650430    0.032420
 0.675297    0.038521
 0.700199    0.043940
 0.725129    0.048552
 0.750080    0.052224
 0.775047    0.054813
 0.800026    0.056164
 0.825013    0.056112
 0.850006    0.054481
 0.875003    0.051082
 0.900001    0.045711
 0.925000    0.038155
 0.950000    0.028182
 0.975000    0.015550
 1.000000    -0.000000
