003275
 1.000000    -0.000000
 0.975000    0.018939
 0.950000    0.035862
 0.925000    0.050920
 0.900001    0.064257
 0.875003    0.076007
 0.850006    0.086296
 0.825013    0.095242
 0.800026    0.102957
 0.775047    0.109543
 0.750080    0.115098
 0.725129    0.119709
 0.700199    0.123461
 0.675297    0.126430
 0.650430    0.128685
 0.625608    0.130292
 0.600839    0.131310
 0.576136    0.131791
 0.551512    0.131786
 0.526981    0.131336
 0.502560    0.130483
 0.478267    0.129261
 0.454123    0.127701
 0.430149    0.125830
 0.406370    0.123673
 0.382813    0.121250
 0.359505    0.118579
 0.336479    0.115674
 0.313768    0.112549
 0.291409    0.109214
 0.269440    0.105677
 0.247903    0.101945
 0.226844    0.098025
 0.206308    0.093919
 0.186348    0.089633
 0.167017    0.085168
 0.148373    0.080527
 0.130475    0.075713
 0.113388    0.070729
 0.097179    0.065577
 0.081920    0.060262
 0.067685    0.054789
 0.054553    0.049163
 0.042607    0.043391
 0.031933    0.037485
 0.022623    0.031453
 0.014770    0.025311
 0.008476    0.019074
 0.003843    0.012762
 0.000980    0.006395
 0.000000    0.000000
 0.000980    -0.005903
 0.003843    -0.010872
 0.008476    -0.014990
 0.014770    -0.018340
 0.022623    -0.020995
 0.031933    -0.023028
 0.042607    -0.024506
 0.054553    -0.025491
 0.067685    -0.026042
 0.081920    -0.026214
 0.097179    -0.026059
 0.113388    -0.025622
 0.130475    -0.024949
 0.148373    -0.024079
 0.167017    -0.023050
 0.186348    -0.021895
 0.206308    -0.020645
 0.226844    -0.019327
 0.247903    -0.017968
 0.269440    -0.016589
 0.291409    -0.015209
 0.313768    -0.013847
 0.336479    -0.012516
 0.359505    -0.011231
 0.382813    -0.010000
 0.406370    -0.008833
 0.430149    -0.007737
 0.454123    -0.006717
 0.478267    -0.005775
 0.502560    -0.004915
 0.526981    -0.004137
 0.551512    -0.003440
 0.576136    -0.002822
 0.600839    -0.002282
 0.625608    -0.001814
 0.650430    -0.001416
 0.675297    -0.001082
 0.700199    -0.000807
 0.725129    -0.000585
 0.750080    -0.000410
 0.775047    -0.000275
 0.800026    -0.000176
 0.825013    -0.000106
 0.850006    -0.000058
 0.875003    -0.000029
 0.900001    -0.000012
 0.925000    -0.000004
 0.950000    -0.000001
 0.975000    -0.000000
 1.000000    -0.000000
