003206
 1.000000    -0.000000
 0.975000    0.026082
 0.950000    0.050908
 0.925000    0.074452
 0.900001    0.096693
 0.875003    0.117617
 0.850006    0.137215
 0.825013    0.155483
 0.800026    0.172422
 0.775047    0.188039
 0.750080    0.202342
 0.725129    0.215347
 0.700199    0.227069
 0.675297    0.237531
 0.650430    0.246755
 0.625608    0.254769
 0.600839    0.261601
 0.576136    0.267282
 0.551512    0.271846
 0.526981    0.275325
 0.502560    0.277757
 0.478267    0.279176
 0.454123    0.279620
 0.430149    0.279125
 0.406370    0.277730
 0.382813    0.275469
 0.359505    0.272379
 0.336479    0.268495
 0.313768    0.263850
 0.291409    0.258476
 0.269440    0.252403
 0.247903    0.245659
 0.226844    0.238269
 0.206308    0.230255
 0.186348    0.221636
 0.167017    0.212429
 0.148373    0.202644
 0.130475    0.192289
 0.113388    0.181368
 0.097179    0.169880
 0.081920    0.157818
 0.067685    0.145170
 0.054553    0.131918
 0.042607    0.118041
 0.031933    0.103507
 0.022623    0.088281
 0.014770    0.072319
 0.008476    0.055572
 0.003843    0.037981
 0.000980    0.019482
 0.000000    0.000000
 0.000980    -0.018949
 0.003843    -0.035866
 0.008476    -0.050850
 0.014770    -0.063997
 0.022623    -0.075400
 0.031933    -0.085148
 0.042607    -0.093328
 0.054553    -0.100023
 0.067685    -0.105314
 0.081920    -0.109280
 0.097179    -0.111997
 0.113388    -0.113539
 0.130475    -0.113978
 0.148373    -0.113385
 0.167017    -0.111830
 0.186348    -0.109381
 0.206308    -0.106104
 0.226844    -0.102066
 0.247903    -0.097332
 0.269440    -0.091968
 0.291409    -0.086038
 0.313768    -0.079608
 0.336479    -0.072743
 0.359505    -0.065508
 0.382813    -0.057969
 0.406370    -0.050193
 0.430149    -0.042248
 0.454123    -0.034203
 0.478267    -0.026128
 0.502560    -0.018096
 0.526981    -0.010180
 0.551512    -0.002457
 0.576136    0.004997
 0.600839    0.012100
 0.625608    0.018769
 0.650430    0.024918
 0.675297    0.030460
 0.700199    0.035301
 0.725129    0.039346
 0.750080    0.042496
 0.775047    0.044648
 0.800026    0.045696
 0.825013    0.045528
 0.850006    0.044029
 0.875003    0.041078
 0.900001    0.036551
 0.925000    0.030318
 0.950000    0.022243
 0.975000    0.012186
 1.000000    -0.000000
