003233
 1.000000    -0.000000
 0.975000    0.020750
 0.950000    0.040934
 0.925000    0.060461
 0.900001    0.079248
 0.875003    0.097225
 0.850006    0.114332
 0.825013    0.130517
 0.800026    0.145738
 0.775047    0.159961
 0.750080    0.173158
 0.725129    0.185312
 0.700199    0.196411
 0.675297    0.206449
 0.650430    0.215425
 0.625608    0.223348
 0.600839    0.230226
 0.576136    0.236075
 0.551512    0.240915
 0.526981    0.244769
 0.502560    0.247661
 0.478267    0.249620
 0.454123    0.250676
 0.430149    0.250862
 0.406370    0.250208
 0.382813    0.248750
 0.359505    0.246519
 0.336479    0.243550
 0.313768    0.239872
 0.291409    0.235518
 0.269440    0.230515
 0.247903    0.224890
 0.226844    0.218664
 0.206308    0.211859
 0.186348    0.204490
 0.167017    0.196568
 0.148373    0.188100
 0.130475    0.179087
 0.113388    0.169524
 0.097179    0.159400
 0.081920    0.148698
 0.067685    0.137391
 0.054553    0.125446
 0.042607    0.112823
 0.031933    0.099471
 0.022623    0.085331
 0.014770    0.070332
 0.008476    0.054396
 0.003843    0.037432
 0.000980    0.019337
 0.000000    0.000000
 0.000980    -0.019088
 0.003843    -0.036370
 0.008476    -0.051874
 0.014770    -0.065633
 0.022623    -0.077683
 0.031933    -0.088062
 0.042607    -0.096814
 0.054553    -0.103984
 0.067685    -0.109622
 0.081920    -0.113779
 0.097179    -0.116511
 0.113388    -0.117877
 0.130475    -0.117937
 0.148373    -0.116757
 0.167017    -0.114404
 0.186348    -0.110947
 0.206308    -0.106460
 0.226844    -0.101019
 0.247903    -0.094702
 0.269440    -0.087590
 0.291409    -0.079767
 0.313768    -0.071319
 0.336479    -0.062335
 0.359505    -0.052906
 0.382813    -0.043125
 0.406370    -0.033088
 0.430149    -0.022894
 0.454123    -0.012642
 0.478267    -0.002435
 0.502560    0.007622
 0.526981    0.017424
 0.551512    0.026860
 0.576136    0.035821
 0.600839    0.044194
 0.625608    0.051866
 0.650430    0.058719
 0.675297    0.064637
 0.700199    0.069499
 0.725129    0.073184
 0.750080    0.075571
 0.775047    0.076535
 0.800026    0.075950
 0.825013    0.073689
 0.850006    0.069624
 0.875003    0.063625
 0.900001    0.055561
 0.925000    0.045300
 0.950000    0.032710
 0.975000    0.017655
 1.000000    -0.000000
