003484
 1.000000    -0.000000
 0.975000    0.018041
 0.950000    0.034072
 0.925000    0.048254
 0.900001    0.060732
 0.875003    0.071645
 0.850006    0.081121
 0.825013    0.089280
 0.800026    0.096232
 0.775047    0.102080
 0.750080    0.106918
 0.725129    0.110834
 0.700199    0.113908
 0.675297    0.116212
 0.650430    0.117813
 0.625608    0.118773
 0.600839    0.119146
 0.576136    0.118984
 0.551512    0.118330
 0.526981    0.117226
 0.502560    0.115709
 0.478267    0.113811
 0.454123    0.111563
 0.430149    0.108990
 0.406370    0.106118
 0.382813    0.102969
 0.359505    0.099562
 0.336479    0.095918
 0.313768    0.092053
 0.291409    0.087985
 0.269440    0.083731
 0.247903    0.079309
 0.226844    0.074736
 0.206308    0.070031
 0.186348    0.065213
 0.167017    0.060305
 0.148373    0.055329
 0.130475    0.050313
 0.113388    0.045284
 0.097179    0.040275
 0.081920    0.035322
 0.067685    0.030463
 0.054553    0.025744
 0.042607    0.021212
 0.031933    0.016922
 0.022623    0.012933
 0.014770    0.009309
 0.008476    0.006122
 0.003843    0.003450
 0.000980    0.001379
 0.000000    0.000000
 0.000980    -0.008705
 0.003843    -0.016658
 0.008476    -0.023909
 0.014770    -0.030505
 0.022623    -0.036491
 0.031933    -0.041905
 0.042607    -0.046784
 0.054553    -0.051161
 0.067685    -0.055067
 0.081920    -0.058528
 0.097179    -0.061569
 0.113388    -0.064212
 0.130475    -0.066477
 0.148373    -0.068381
 0.167017    -0.069940
 0.186348    -0.071169
 0.206308    -0.072080
 0.226844    -0.072683
 0.247903    -0.072989
 0.269440    -0.073008
 0.291409    -0.072747
 0.313768    -0.072215
 0.336479    -0.071418
 0.359505    -0.070365
 0.382813    -0.069062
 0.406370    -0.067518
 0.430149    -0.065739
 0.454123    -0.063735
 0.478267    -0.061514
 0.502560    -0.059088
 0.526981    -0.056467
 0.551512    -0.053665
 0.576136    -0.050695
 0.600839    -0.047574
 0.625608    -0.044320
 0.650430    -0.040954
 0.675297    -0.037497
 0.700199    -0.033975
 0.725129    -0.030415
 0.750080    -0.026848
 0.775047    -0.023308
 0.800026    -0.019832
 0.825013    -0.016460
 0.850006    -0.013237
 0.875003    -0.010210
 0.900001    -0.007432
 0.925000    -0.004959
 0.950000    -0.002852
 0.975000    -0.001175
 1.000000    0.000000
