003546
 1.000000    -0.000000
 0.975000    0.018284
 0.950000    0.035013
 0.925000    0.050297
 0.900001    0.064238
 0.875003    0.076930
 0.850006    0.088461
 0.825013    0.098912
 0.800026    0.108355
 0.775047    0.116860
 0.750080    0.124486
 0.725129    0.131292
 0.700199    0.137326
 0.675297    0.142635
 0.650430    0.147259
 0.625608    0.151234
 0.600839    0.154592
 0.576136    0.157361
 0.551512    0.159566
 0.526981    0.161228
 0.502560    0.162365
 0.478267    0.162991
 0.454123    0.163121
 0.430149    0.162764
 0.406370    0.161930
 0.382813    0.160625
 0.359505    0.158856
 0.336479    0.156629
 0.313768    0.153947
 0.291409    0.150814
 0.269440    0.147235
 0.247903    0.143214
 0.226844    0.138755
 0.206308    0.133865
 0.186348    0.128549
 0.167017    0.122816
 0.148373    0.116676
 0.130475    0.110140
 0.113388    0.103223
 0.097179    0.095941
 0.081920    0.088314
 0.067685    0.080364
 0.054553    0.072117
 0.042607    0.063604
 0.031933    0.054859
 0.022623    0.045920
 0.014770    0.036830
 0.008476    0.027636
 0.003843    0.018394
 0.000980    0.009160
 0.000000    0.000000
 0.000980    -0.008393
 0.003843    -0.015453
 0.008476    -0.021298
 0.014770    -0.026039
 0.022623    -0.029784
 0.031933    -0.032631
 0.042607    -0.034677
 0.054553    -0.036010
 0.067685    -0.036715
 0.081920    -0.036870
 0.097179    -0.036551
 0.113388    -0.035826
 0.130475    -0.034760
 0.148373    -0.033412
 0.167017    -0.031838
 0.186348    -0.030088
 0.206308    -0.028210
 0.226844    -0.026245
 0.247903    -0.024232
 0.269440    -0.022205
 0.291409    -0.020195
 0.313768    -0.018229
 0.336479    -0.016330
 0.359505    -0.014519
 0.382813    -0.012812
 0.406370    -0.011223
 0.430149    -0.009762
 0.454123    -0.008437
 0.478267    -0.007253
 0.502560    -0.006211
 0.526981    -0.005312
 0.551512    -0.004551
 0.576136    -0.003925
 0.600839    -0.003425
 0.625608    -0.003043
 0.650430    -0.002766
 0.675297    -0.002582
 0.700199    -0.002475
 0.725129    -0.002429
 0.750080    -0.002426
 0.775047    -0.002446
 0.800026    -0.002470
 0.825013    -0.002474
 0.850006    -0.002438
 0.875003    -0.002337
 0.900001    -0.002148
 0.925000    -0.001844
 0.950000    -0.001403
 0.975000    -0.000796
 1.000000    0.000000
