003517
 1.000000    -0.000000
 0.975000    0.019216
 0.950000    0.036924
 0.925000    0.053213
 0.900001    0.068164
 0.875003    0.081855
 0.850006    0.094357
 0.825013    0.105739
 0.800026    0.116061
 0.775047    0.125384
 0.750080    0.133760
 0.725129    0.141240
 0.700199    0.147869
 0.675297    0.153691
 0.650430    0.158745
 0.625608    0.163065
 0.600839    0.166685
 0.576136    0.169635
 0.551512    0.171941
 0.526981    0.173629
 0.502560    0.174720
 0.478267    0.175235
 0.454123    0.175192
 0.430149    0.174608
 0.406370    0.173498
 0.382813    0.171875
 0.359505    0.169752
 0.336479    0.167140
 0.313768    0.164051
 0.291409    0.160494
 0.269440    0.156480
 0.247903    0.152018
 0.226844    0.147117
 0.206308    0.141788
 0.186348    0.136040
 0.167017    0.129885
 0.148373    0.123334
 0.130475    0.116400
 0.113388    0.109096
 0.097179    0.101437
 0.081920    0.093440
 0.067685    0.085123
 0.054553    0.076507
 0.042607    0.067613
 0.031933    0.058467
 0.022623    0.049095
 0.014770    0.039527
 0.008476    0.029797
 0.003843    0.019939
 0.000980    0.009992
 0.000000    0.000000
 0.000980    -0.007563
 0.003843    -0.013929
 0.008476    -0.019206
 0.014770    -0.023498
 0.022623    -0.026900
 0.031933    -0.029505
 0.042607    -0.031398
 0.054553    -0.032660
 0.067685    -0.033367
 0.081920    -0.033587
 0.097179    -0.033388
 0.113388    -0.032828
 0.130475    -0.031966
 0.148373    -0.030851
 0.167017    -0.029532
 0.186348    -0.028052
 0.206308    -0.026451
 0.226844    -0.024763
 0.247903    -0.023022
 0.269440    -0.021254
 0.291409    -0.019487
 0.313768    -0.017741
 0.336479    -0.016037
 0.359505    -0.014389
 0.382813    -0.012812
 0.406370    -0.011318
 0.430149    -0.009913
 0.454123    -0.008606
 0.478267    -0.007400
 0.502560    -0.006298
 0.526981    -0.005300
 0.551512    -0.004407
 0.576136    -0.003616
 0.600839    -0.002923
 0.625608    -0.002325
 0.650430    -0.001814
 0.675297    -0.001386
 0.700199    -0.001034
 0.725129    -0.000749
 0.750080    -0.000525
 0.775047    -0.000353
 0.800026    -0.000226
 0.825013    -0.000135
 0.850006    -0.000075
 0.875003    -0.000037
 0.900001    -0.000015
 0.925000    -0.000005
 0.950000    -0.000001
 0.975000    -0.000000
 1.000000    -0.000000
